PROVIDER;DESCRIPTION;ACCOUNTID;REGION;ASSESSMENTDATE;REQUIREMENTS_ID;REQUIREMENTS_DESCRIPTION;REQUIREMENTS_ATTRIBUTES_SECTION;REQUIREMENTS_ATTRIBUTES_SUBSECTION;REQUIREMENTS_ATTRIBUTES_PROFILE;REQUIREMENTS_ATTRIBUTES_ASSESSMENTSTATUS;REQUIREMENTS_ATTRIBUTES_DESCRIPTION;REQUIREMENTS_ATTRIBUTES_RATIONALESTATEMENT;REQUIREMENTS_ATTRIBUTES_IMPACTSTATEMENT;REQUIREMENTS_ATTRIBUTES_REMEDIATIONPROCEDURE;REQUIREMENTS_ATTRIBUTES_AUDITPROCEDURE;REQUIREMENTS_ATTRIBUTES_ADDITIONALINFORMATION;REQUIREMENTS_ATTRIBUTES_DEFAULTVALUE;REQUIREMENTS_ATTRIBUTES_REFERENCES;STATUS;STATUSEXTENDED;RESOURCEID;RESOURCENAME;CHECKID;MUTED;FRAMEWORK;NAME
aws;The CIS Amazon Web Services Foundations Benchmark provides prescriptive guidance for configuring security options for a subset of Amazon Web Services with an emphasis on foundational, testable, and architecture agnostic settings.;897154406216;ap-northeast-1;2026-06-23 00:27:16.288386;1.19;Ensure that IAM External Access Analyzer is enabled for all regions;1 Identity and Access Management;;Level 1;Automated;Enable the IAM External Access Analyzer regarding all resources in each active AWS region. IAM Access Analyzer is a technology introduced at AWS reinvent 2019. After the Analyzer is enabled in IAM, scan results are displayed on the console showing the accessible resources. Scans show resources that other accounts and federated users can access, such as KMS keys and IAM roles. The results allow you to determine whether an unintended user is permitted, making it easier for administrators to monitor least privilege access. Access Analyzer analyzes only the policies that are applied to resources in the same AWS Region.;AWS IAM External Access Analyzer helps you identify the resources in your organization and accounts, such as Amazon S3 buckets or IAM roles, that are shared with external entities. This allows you to identify unintended access to your resources and data. Access Analyzer identifies resources that are shared with external principals by using logic-based reasoning to analyze the resource-based policies in your AWS environment. IAM External Access Analyzer continuously monitors all policies for S3 buckets, IAM roles, KMS (Key Management Service) keys, AWS Lambda functions, Amazon SQS (Simple Queue Service) queues and more;;**From Console:** Perform the following to enable IAM Access Analyzer for IAM policies: 1. Open the IAM console at `https://console.aws.amazon.com/iam/.` 2. Choose `Access analyzer`. 3. Choose `Create external access analyzer`. 4. On the `Create analyzer` page, confirm that the `Region` displayed is the Region where you want to enable Access Analyzer. 5. Optionally enter a name for the analyzer. 6. Optionally add any tags that you want to apply to the analyzer.  7. Choose `Create Analyzer`. 8. Repeat these step for each active region. **From Command Line:** Run the following command: ``` aws accessanalyzer create-analyzer --analyzer-name <NAME> --type <ACCOUNT|ORGANIZATION> ``` Repeat this command for each active region. **Note:** The IAM Access Analyzer is successfully configured only when the account you use has the necessary permissions.;**From Console:** 1. Open the IAM console at `https://console.aws.amazon.com/iam/` 2. Under `Access analyzer` choose `External Access` 3. Ensure that at least one analyzer is present 4. Ensure that the `STATUS` is set to `Active` 5. Repeat these steps for each active region **From Command Line:** 1. Run the following command: ``` aws accessanalyzer list-analyzers type --<Account|Organization> | grep status ``` 2. Ensure that at least one Analyzer's `status` is set to `ACTIVE`. 3. Repeat the steps above for each active region. If an Access Analyzer is not listed for each region or the status is not set to active refer to the remediation procedure below.;Some regions in AWS are enabled by default, while others are disabled by default. Regions introduced prior to March 20, 2019, are enabled by default and cannot be disabled. Regions introduced afterward can be disabled by default. For more information on managing AWS Regions, please see AWS's [documentation on managing AWS Regions](https://docs.aws.amazon.com/general/latest/gr/rande-manage.html).;;https://docs.aws.amazon.com/IAM/latest/UserGuide/what-is-access-analyzer.html:https://docs.aws.amazon.com/IAM/latest/UserGuide/access-analyzer-getting-started.html:https://awscli.amazonaws.com/v2/documentation/api/latest/reference/accessanalyzer/get-analyzer.html:https://awscli.amazonaws.com/v2/documentation/api/latest/reference/accessanalyzer/create-analyzer.html;FAIL;IAM Access Analyzer in account 897154406216 is not enabled.;arn:aws:accessanalyzer:ap-northeast-1:897154406216:analyzer/unknown;analyzer/unknown;accessanalyzer_enabled;False;CIS;CIS Amazon Web Services Foundations Benchmark v5.0.0
aws;The CIS Amazon Web Services Foundations Benchmark provides prescriptive guidance for configuring security options for a subset of Amazon Web Services with an emphasis on foundational, testable, and architecture agnostic settings.;897154406216;ap-northeast-2;2026-06-23 00:27:16.288386;1.19;Ensure that IAM External Access Analyzer is enabled for all regions;1 Identity and Access Management;;Level 1;Automated;Enable the IAM External Access Analyzer regarding all resources in each active AWS region. IAM Access Analyzer is a technology introduced at AWS reinvent 2019. After the Analyzer is enabled in IAM, scan results are displayed on the console showing the accessible resources. Scans show resources that other accounts and federated users can access, such as KMS keys and IAM roles. The results allow you to determine whether an unintended user is permitted, making it easier for administrators to monitor least privilege access. Access Analyzer analyzes only the policies that are applied to resources in the same AWS Region.;AWS IAM External Access Analyzer helps you identify the resources in your organization and accounts, such as Amazon S3 buckets or IAM roles, that are shared with external entities. This allows you to identify unintended access to your resources and data. Access Analyzer identifies resources that are shared with external principals by using logic-based reasoning to analyze the resource-based policies in your AWS environment. IAM External Access Analyzer continuously monitors all policies for S3 buckets, IAM roles, KMS (Key Management Service) keys, AWS Lambda functions, Amazon SQS (Simple Queue Service) queues and more;;**From Console:** Perform the following to enable IAM Access Analyzer for IAM policies: 1. Open the IAM console at `https://console.aws.amazon.com/iam/.` 2. Choose `Access analyzer`. 3. Choose `Create external access analyzer`. 4. On the `Create analyzer` page, confirm that the `Region` displayed is the Region where you want to enable Access Analyzer. 5. Optionally enter a name for the analyzer. 6. Optionally add any tags that you want to apply to the analyzer.  7. Choose `Create Analyzer`. 8. Repeat these step for each active region. **From Command Line:** Run the following command: ``` aws accessanalyzer create-analyzer --analyzer-name <NAME> --type <ACCOUNT|ORGANIZATION> ``` Repeat this command for each active region. **Note:** The IAM Access Analyzer is successfully configured only when the account you use has the necessary permissions.;**From Console:** 1. Open the IAM console at `https://console.aws.amazon.com/iam/` 2. Under `Access analyzer` choose `External Access` 3. Ensure that at least one analyzer is present 4. Ensure that the `STATUS` is set to `Active` 5. Repeat these steps for each active region **From Command Line:** 1. Run the following command: ``` aws accessanalyzer list-analyzers type --<Account|Organization> | grep status ``` 2. Ensure that at least one Analyzer's `status` is set to `ACTIVE`. 3. Repeat the steps above for each active region. If an Access Analyzer is not listed for each region or the status is not set to active refer to the remediation procedure below.;Some regions in AWS are enabled by default, while others are disabled by default. Regions introduced prior to March 20, 2019, are enabled by default and cannot be disabled. Regions introduced afterward can be disabled by default. For more information on managing AWS Regions, please see AWS's [documentation on managing AWS Regions](https://docs.aws.amazon.com/general/latest/gr/rande-manage.html).;;https://docs.aws.amazon.com/IAM/latest/UserGuide/what-is-access-analyzer.html:https://docs.aws.amazon.com/IAM/latest/UserGuide/access-analyzer-getting-started.html:https://awscli.amazonaws.com/v2/documentation/api/latest/reference/accessanalyzer/get-analyzer.html:https://awscli.amazonaws.com/v2/documentation/api/latest/reference/accessanalyzer/create-analyzer.html;FAIL;IAM Access Analyzer in account 897154406216 is not enabled.;arn:aws:accessanalyzer:ap-northeast-2:897154406216:analyzer/unknown;analyzer/unknown;accessanalyzer_enabled;False;CIS;CIS Amazon Web Services Foundations Benchmark v5.0.0
aws;The CIS Amazon Web Services Foundations Benchmark provides prescriptive guidance for configuring security options for a subset of Amazon Web Services with an emphasis on foundational, testable, and architecture agnostic settings.;897154406216;ap-northeast-3;2026-06-23 00:27:16.288386;1.19;Ensure that IAM External Access Analyzer is enabled for all regions;1 Identity and Access Management;;Level 1;Automated;Enable the IAM External Access Analyzer regarding all resources in each active AWS region. IAM Access Analyzer is a technology introduced at AWS reinvent 2019. After the Analyzer is enabled in IAM, scan results are displayed on the console showing the accessible resources. Scans show resources that other accounts and federated users can access, such as KMS keys and IAM roles. The results allow you to determine whether an unintended user is permitted, making it easier for administrators to monitor least privilege access. Access Analyzer analyzes only the policies that are applied to resources in the same AWS Region.;AWS IAM External Access Analyzer helps you identify the resources in your organization and accounts, such as Amazon S3 buckets or IAM roles, that are shared with external entities. This allows you to identify unintended access to your resources and data. Access Analyzer identifies resources that are shared with external principals by using logic-based reasoning to analyze the resource-based policies in your AWS environment. IAM External Access Analyzer continuously monitors all policies for S3 buckets, IAM roles, KMS (Key Management Service) keys, AWS Lambda functions, Amazon SQS (Simple Queue Service) queues and more;;**From Console:** Perform the following to enable IAM Access Analyzer for IAM policies: 1. Open the IAM console at `https://console.aws.amazon.com/iam/.` 2. Choose `Access analyzer`. 3. Choose `Create external access analyzer`. 4. On the `Create analyzer` page, confirm that the `Region` displayed is the Region where you want to enable Access Analyzer. 5. Optionally enter a name for the analyzer. 6. Optionally add any tags that you want to apply to the analyzer.  7. Choose `Create Analyzer`. 8. Repeat these step for each active region. **From Command Line:** Run the following command: ``` aws accessanalyzer create-analyzer --analyzer-name <NAME> --type <ACCOUNT|ORGANIZATION> ``` Repeat this command for each active region. **Note:** The IAM Access Analyzer is successfully configured only when the account you use has the necessary permissions.;**From Console:** 1. Open the IAM console at `https://console.aws.amazon.com/iam/` 2. Under `Access analyzer` choose `External Access` 3. Ensure that at least one analyzer is present 4. Ensure that the `STATUS` is set to `Active` 5. Repeat these steps for each active region **From Command Line:** 1. Run the following command: ``` aws accessanalyzer list-analyzers type --<Account|Organization> | grep status ``` 2. Ensure that at least one Analyzer's `status` is set to `ACTIVE`. 3. Repeat the steps above for each active region. If an Access Analyzer is not listed for each region or the status is not set to active refer to the remediation procedure below.;Some regions in AWS are enabled by default, while others are disabled by default. Regions introduced prior to March 20, 2019, are enabled by default and cannot be disabled. Regions introduced afterward can be disabled by default. For more information on managing AWS Regions, please see AWS's [documentation on managing AWS Regions](https://docs.aws.amazon.com/general/latest/gr/rande-manage.html).;;https://docs.aws.amazon.com/IAM/latest/UserGuide/what-is-access-analyzer.html:https://docs.aws.amazon.com/IAM/latest/UserGuide/access-analyzer-getting-started.html:https://awscli.amazonaws.com/v2/documentation/api/latest/reference/accessanalyzer/get-analyzer.html:https://awscli.amazonaws.com/v2/documentation/api/latest/reference/accessanalyzer/create-analyzer.html;FAIL;IAM Access Analyzer in account 897154406216 is not enabled.;arn:aws:accessanalyzer:ap-northeast-3:897154406216:analyzer/unknown;analyzer/unknown;accessanalyzer_enabled;False;CIS;CIS Amazon Web Services Foundations Benchmark v5.0.0
aws;The CIS Amazon Web Services Foundations Benchmark provides prescriptive guidance for configuring security options for a subset of Amazon Web Services with an emphasis on foundational, testable, and architecture agnostic settings.;897154406216;ap-south-1;2026-06-23 00:27:16.288386;1.19;Ensure that IAM External Access Analyzer is enabled for all regions;1 Identity and Access Management;;Level 1;Automated;Enable the IAM External Access Analyzer regarding all resources in each active AWS region. IAM Access Analyzer is a technology introduced at AWS reinvent 2019. After the Analyzer is enabled in IAM, scan results are displayed on the console showing the accessible resources. Scans show resources that other accounts and federated users can access, such as KMS keys and IAM roles. The results allow you to determine whether an unintended user is permitted, making it easier for administrators to monitor least privilege access. Access Analyzer analyzes only the policies that are applied to resources in the same AWS Region.;AWS IAM External Access Analyzer helps you identify the resources in your organization and accounts, such as Amazon S3 buckets or IAM roles, that are shared with external entities. This allows you to identify unintended access to your resources and data. Access Analyzer identifies resources that are shared with external principals by using logic-based reasoning to analyze the resource-based policies in your AWS environment. IAM External Access Analyzer continuously monitors all policies for S3 buckets, IAM roles, KMS (Key Management Service) keys, AWS Lambda functions, Amazon SQS (Simple Queue Service) queues and more;;**From Console:** Perform the following to enable IAM Access Analyzer for IAM policies: 1. Open the IAM console at `https://console.aws.amazon.com/iam/.` 2. Choose `Access analyzer`. 3. Choose `Create external access analyzer`. 4. On the `Create analyzer` page, confirm that the `Region` displayed is the Region where you want to enable Access Analyzer. 5. Optionally enter a name for the analyzer. 6. Optionally add any tags that you want to apply to the analyzer.  7. Choose `Create Analyzer`. 8. Repeat these step for each active region. **From Command Line:** Run the following command: ``` aws accessanalyzer create-analyzer --analyzer-name <NAME> --type <ACCOUNT|ORGANIZATION> ``` Repeat this command for each active region. **Note:** The IAM Access Analyzer is successfully configured only when the account you use has the necessary permissions.;**From Console:** 1. Open the IAM console at `https://console.aws.amazon.com/iam/` 2. Under `Access analyzer` choose `External Access` 3. Ensure that at least one analyzer is present 4. Ensure that the `STATUS` is set to `Active` 5. Repeat these steps for each active region **From Command Line:** 1. Run the following command: ``` aws accessanalyzer list-analyzers type --<Account|Organization> | grep status ``` 2. Ensure that at least one Analyzer's `status` is set to `ACTIVE`. 3. Repeat the steps above for each active region. If an Access Analyzer is not listed for each region or the status is not set to active refer to the remediation procedure below.;Some regions in AWS are enabled by default, while others are disabled by default. Regions introduced prior to March 20, 2019, are enabled by default and cannot be disabled. Regions introduced afterward can be disabled by default. For more information on managing AWS Regions, please see AWS's [documentation on managing AWS Regions](https://docs.aws.amazon.com/general/latest/gr/rande-manage.html).;;https://docs.aws.amazon.com/IAM/latest/UserGuide/what-is-access-analyzer.html:https://docs.aws.amazon.com/IAM/latest/UserGuide/access-analyzer-getting-started.html:https://awscli.amazonaws.com/v2/documentation/api/latest/reference/accessanalyzer/get-analyzer.html:https://awscli.amazonaws.com/v2/documentation/api/latest/reference/accessanalyzer/create-analyzer.html;FAIL;IAM Access Analyzer in account 897154406216 is not enabled.;arn:aws:accessanalyzer:ap-south-1:897154406216:analyzer/unknown;analyzer/unknown;accessanalyzer_enabled;False;CIS;CIS Amazon Web Services Foundations Benchmark v5.0.0
aws;The CIS Amazon Web Services Foundations Benchmark provides prescriptive guidance for configuring security options for a subset of Amazon Web Services with an emphasis on foundational, testable, and architecture agnostic settings.;897154406216;ap-southeast-1;2026-06-23 00:27:16.288386;1.19;Ensure that IAM External Access Analyzer is enabled for all regions;1 Identity and Access Management;;Level 1;Automated;Enable the IAM External Access Analyzer regarding all resources in each active AWS region. IAM Access Analyzer is a technology introduced at AWS reinvent 2019. After the Analyzer is enabled in IAM, scan results are displayed on the console showing the accessible resources. Scans show resources that other accounts and federated users can access, such as KMS keys and IAM roles. The results allow you to determine whether an unintended user is permitted, making it easier for administrators to monitor least privilege access. Access Analyzer analyzes only the policies that are applied to resources in the same AWS Region.;AWS IAM External Access Analyzer helps you identify the resources in your organization and accounts, such as Amazon S3 buckets or IAM roles, that are shared with external entities. This allows you to identify unintended access to your resources and data. Access Analyzer identifies resources that are shared with external principals by using logic-based reasoning to analyze the resource-based policies in your AWS environment. IAM External Access Analyzer continuously monitors all policies for S3 buckets, IAM roles, KMS (Key Management Service) keys, AWS Lambda functions, Amazon SQS (Simple Queue Service) queues and more;;**From Console:** Perform the following to enable IAM Access Analyzer for IAM policies: 1. Open the IAM console at `https://console.aws.amazon.com/iam/.` 2. Choose `Access analyzer`. 3. Choose `Create external access analyzer`. 4. On the `Create analyzer` page, confirm that the `Region` displayed is the Region where you want to enable Access Analyzer. 5. Optionally enter a name for the analyzer. 6. Optionally add any tags that you want to apply to the analyzer.  7. Choose `Create Analyzer`. 8. Repeat these step for each active region. **From Command Line:** Run the following command: ``` aws accessanalyzer create-analyzer --analyzer-name <NAME> --type <ACCOUNT|ORGANIZATION> ``` Repeat this command for each active region. **Note:** The IAM Access Analyzer is successfully configured only when the account you use has the necessary permissions.;**From Console:** 1. Open the IAM console at `https://console.aws.amazon.com/iam/` 2. Under `Access analyzer` choose `External Access` 3. Ensure that at least one analyzer is present 4. Ensure that the `STATUS` is set to `Active` 5. Repeat these steps for each active region **From Command Line:** 1. Run the following command: ``` aws accessanalyzer list-analyzers type --<Account|Organization> | grep status ``` 2. Ensure that at least one Analyzer's `status` is set to `ACTIVE`. 3. Repeat the steps above for each active region. If an Access Analyzer is not listed for each region or the status is not set to active refer to the remediation procedure below.;Some regions in AWS are enabled by default, while others are disabled by default. Regions introduced prior to March 20, 2019, are enabled by default and cannot be disabled. Regions introduced afterward can be disabled by default. For more information on managing AWS Regions, please see AWS's [documentation on managing AWS Regions](https://docs.aws.amazon.com/general/latest/gr/rande-manage.html).;;https://docs.aws.amazon.com/IAM/latest/UserGuide/what-is-access-analyzer.html:https://docs.aws.amazon.com/IAM/latest/UserGuide/access-analyzer-getting-started.html:https://awscli.amazonaws.com/v2/documentation/api/latest/reference/accessanalyzer/get-analyzer.html:https://awscli.amazonaws.com/v2/documentation/api/latest/reference/accessanalyzer/create-analyzer.html;FAIL;IAM Access Analyzer in account 897154406216 is not enabled.;arn:aws:accessanalyzer:ap-southeast-1:897154406216:analyzer/unknown;analyzer/unknown;accessanalyzer_enabled;False;CIS;CIS Amazon Web Services Foundations Benchmark v5.0.0
aws;The CIS Amazon Web Services Foundations Benchmark provides prescriptive guidance for configuring security options for a subset of Amazon Web Services with an emphasis on foundational, testable, and architecture agnostic settings.;897154406216;ap-southeast-2;2026-06-23 00:27:16.288386;1.19;Ensure that IAM External Access Analyzer is enabled for all regions;1 Identity and Access Management;;Level 1;Automated;Enable the IAM External Access Analyzer regarding all resources in each active AWS region. IAM Access Analyzer is a technology introduced at AWS reinvent 2019. After the Analyzer is enabled in IAM, scan results are displayed on the console showing the accessible resources. Scans show resources that other accounts and federated users can access, such as KMS keys and IAM roles. The results allow you to determine whether an unintended user is permitted, making it easier for administrators to monitor least privilege access. Access Analyzer analyzes only the policies that are applied to resources in the same AWS Region.;AWS IAM External Access Analyzer helps you identify the resources in your organization and accounts, such as Amazon S3 buckets or IAM roles, that are shared with external entities. This allows you to identify unintended access to your resources and data. Access Analyzer identifies resources that are shared with external principals by using logic-based reasoning to analyze the resource-based policies in your AWS environment. IAM External Access Analyzer continuously monitors all policies for S3 buckets, IAM roles, KMS (Key Management Service) keys, AWS Lambda functions, Amazon SQS (Simple Queue Service) queues and more;;**From Console:** Perform the following to enable IAM Access Analyzer for IAM policies: 1. Open the IAM console at `https://console.aws.amazon.com/iam/.` 2. Choose `Access analyzer`. 3. Choose `Create external access analyzer`. 4. On the `Create analyzer` page, confirm that the `Region` displayed is the Region where you want to enable Access Analyzer. 5. Optionally enter a name for the analyzer. 6. Optionally add any tags that you want to apply to the analyzer.  7. Choose `Create Analyzer`. 8. Repeat these step for each active region. **From Command Line:** Run the following command: ``` aws accessanalyzer create-analyzer --analyzer-name <NAME> --type <ACCOUNT|ORGANIZATION> ``` Repeat this command for each active region. **Note:** The IAM Access Analyzer is successfully configured only when the account you use has the necessary permissions.;**From Console:** 1. Open the IAM console at `https://console.aws.amazon.com/iam/` 2. Under `Access analyzer` choose `External Access` 3. Ensure that at least one analyzer is present 4. Ensure that the `STATUS` is set to `Active` 5. Repeat these steps for each active region **From Command Line:** 1. Run the following command: ``` aws accessanalyzer list-analyzers type --<Account|Organization> | grep status ``` 2. Ensure that at least one Analyzer's `status` is set to `ACTIVE`. 3. Repeat the steps above for each active region. If an Access Analyzer is not listed for each region or the status is not set to active refer to the remediation procedure below.;Some regions in AWS are enabled by default, while others are disabled by default. Regions introduced prior to March 20, 2019, are enabled by default and cannot be disabled. Regions introduced afterward can be disabled by default. For more information on managing AWS Regions, please see AWS's [documentation on managing AWS Regions](https://docs.aws.amazon.com/general/latest/gr/rande-manage.html).;;https://docs.aws.amazon.com/IAM/latest/UserGuide/what-is-access-analyzer.html:https://docs.aws.amazon.com/IAM/latest/UserGuide/access-analyzer-getting-started.html:https://awscli.amazonaws.com/v2/documentation/api/latest/reference/accessanalyzer/get-analyzer.html:https://awscli.amazonaws.com/v2/documentation/api/latest/reference/accessanalyzer/create-analyzer.html;FAIL;IAM Access Analyzer in account 897154406216 is not enabled.;arn:aws:accessanalyzer:ap-southeast-2:897154406216:analyzer/unknown;analyzer/unknown;accessanalyzer_enabled;False;CIS;CIS Amazon Web Services Foundations Benchmark v5.0.0
aws;The CIS Amazon Web Services Foundations Benchmark provides prescriptive guidance for configuring security options for a subset of Amazon Web Services with an emphasis on foundational, testable, and architecture agnostic settings.;897154406216;ca-central-1;2026-06-23 00:27:16.288386;1.19;Ensure that IAM External Access Analyzer is enabled for all regions;1 Identity and Access Management;;Level 1;Automated;Enable the IAM External Access Analyzer regarding all resources in each active AWS region. IAM Access Analyzer is a technology introduced at AWS reinvent 2019. After the Analyzer is enabled in IAM, scan results are displayed on the console showing the accessible resources. Scans show resources that other accounts and federated users can access, such as KMS keys and IAM roles. The results allow you to determine whether an unintended user is permitted, making it easier for administrators to monitor least privilege access. Access Analyzer analyzes only the policies that are applied to resources in the same AWS Region.;AWS IAM External Access Analyzer helps you identify the resources in your organization and accounts, such as Amazon S3 buckets or IAM roles, that are shared with external entities. This allows you to identify unintended access to your resources and data. Access Analyzer identifies resources that are shared with external principals by using logic-based reasoning to analyze the resource-based policies in your AWS environment. IAM External Access Analyzer continuously monitors all policies for S3 buckets, IAM roles, KMS (Key Management Service) keys, AWS Lambda functions, Amazon SQS (Simple Queue Service) queues and more;;**From Console:** Perform the following to enable IAM Access Analyzer for IAM policies: 1. Open the IAM console at `https://console.aws.amazon.com/iam/.` 2. Choose `Access analyzer`. 3. Choose `Create external access analyzer`. 4. On the `Create analyzer` page, confirm that the `Region` displayed is the Region where you want to enable Access Analyzer. 5. Optionally enter a name for the analyzer. 6. Optionally add any tags that you want to apply to the analyzer.  7. Choose `Create Analyzer`. 8. Repeat these step for each active region. **From Command Line:** Run the following command: ``` aws accessanalyzer create-analyzer --analyzer-name <NAME> --type <ACCOUNT|ORGANIZATION> ``` Repeat this command for each active region. **Note:** The IAM Access Analyzer is successfully configured only when the account you use has the necessary permissions.;**From Console:** 1. Open the IAM console at `https://console.aws.amazon.com/iam/` 2. Under `Access analyzer` choose `External Access` 3. Ensure that at least one analyzer is present 4. Ensure that the `STATUS` is set to `Active` 5. Repeat these steps for each active region **From Command Line:** 1. Run the following command: ``` aws accessanalyzer list-analyzers type --<Account|Organization> | grep status ``` 2. Ensure that at least one Analyzer's `status` is set to `ACTIVE`. 3. Repeat the steps above for each active region. If an Access Analyzer is not listed for each region or the status is not set to active refer to the remediation procedure below.;Some regions in AWS are enabled by default, while others are disabled by default. Regions introduced prior to March 20, 2019, are enabled by default and cannot be disabled. Regions introduced afterward can be disabled by default. For more information on managing AWS Regions, please see AWS's [documentation on managing AWS Regions](https://docs.aws.amazon.com/general/latest/gr/rande-manage.html).;;https://docs.aws.amazon.com/IAM/latest/UserGuide/what-is-access-analyzer.html:https://docs.aws.amazon.com/IAM/latest/UserGuide/access-analyzer-getting-started.html:https://awscli.amazonaws.com/v2/documentation/api/latest/reference/accessanalyzer/get-analyzer.html:https://awscli.amazonaws.com/v2/documentation/api/latest/reference/accessanalyzer/create-analyzer.html;FAIL;IAM Access Analyzer in account 897154406216 is not enabled.;arn:aws:accessanalyzer:ca-central-1:897154406216:analyzer/unknown;analyzer/unknown;accessanalyzer_enabled;False;CIS;CIS Amazon Web Services Foundations Benchmark v5.0.0
aws;The CIS Amazon Web Services Foundations Benchmark provides prescriptive guidance for configuring security options for a subset of Amazon Web Services with an emphasis on foundational, testable, and architecture agnostic settings.;897154406216;eu-central-1;2026-06-23 00:27:16.288386;1.19;Ensure that IAM External Access Analyzer is enabled for all regions;1 Identity and Access Management;;Level 1;Automated;Enable the IAM External Access Analyzer regarding all resources in each active AWS region. IAM Access Analyzer is a technology introduced at AWS reinvent 2019. After the Analyzer is enabled in IAM, scan results are displayed on the console showing the accessible resources. Scans show resources that other accounts and federated users can access, such as KMS keys and IAM roles. The results allow you to determine whether an unintended user is permitted, making it easier for administrators to monitor least privilege access. Access Analyzer analyzes only the policies that are applied to resources in the same AWS Region.;AWS IAM External Access Analyzer helps you identify the resources in your organization and accounts, such as Amazon S3 buckets or IAM roles, that are shared with external entities. This allows you to identify unintended access to your resources and data. Access Analyzer identifies resources that are shared with external principals by using logic-based reasoning to analyze the resource-based policies in your AWS environment. IAM External Access Analyzer continuously monitors all policies for S3 buckets, IAM roles, KMS (Key Management Service) keys, AWS Lambda functions, Amazon SQS (Simple Queue Service) queues and more;;**From Console:** Perform the following to enable IAM Access Analyzer for IAM policies: 1. Open the IAM console at `https://console.aws.amazon.com/iam/.` 2. Choose `Access analyzer`. 3. Choose `Create external access analyzer`. 4. On the `Create analyzer` page, confirm that the `Region` displayed is the Region where you want to enable Access Analyzer. 5. Optionally enter a name for the analyzer. 6. Optionally add any tags that you want to apply to the analyzer.  7. Choose `Create Analyzer`. 8. Repeat these step for each active region. **From Command Line:** Run the following command: ``` aws accessanalyzer create-analyzer --analyzer-name <NAME> --type <ACCOUNT|ORGANIZATION> ``` Repeat this command for each active region. **Note:** The IAM Access Analyzer is successfully configured only when the account you use has the necessary permissions.;**From Console:** 1. Open the IAM console at `https://console.aws.amazon.com/iam/` 2. Under `Access analyzer` choose `External Access` 3. Ensure that at least one analyzer is present 4. Ensure that the `STATUS` is set to `Active` 5. Repeat these steps for each active region **From Command Line:** 1. Run the following command: ``` aws accessanalyzer list-analyzers type --<Account|Organization> | grep status ``` 2. Ensure that at least one Analyzer's `status` is set to `ACTIVE`. 3. Repeat the steps above for each active region. If an Access Analyzer is not listed for each region or the status is not set to active refer to the remediation procedure below.;Some regions in AWS are enabled by default, while others are disabled by default. Regions introduced prior to March 20, 2019, are enabled by default and cannot be disabled. Regions introduced afterward can be disabled by default. For more information on managing AWS Regions, please see AWS's [documentation on managing AWS Regions](https://docs.aws.amazon.com/general/latest/gr/rande-manage.html).;;https://docs.aws.amazon.com/IAM/latest/UserGuide/what-is-access-analyzer.html:https://docs.aws.amazon.com/IAM/latest/UserGuide/access-analyzer-getting-started.html:https://awscli.amazonaws.com/v2/documentation/api/latest/reference/accessanalyzer/get-analyzer.html:https://awscli.amazonaws.com/v2/documentation/api/latest/reference/accessanalyzer/create-analyzer.html;FAIL;IAM Access Analyzer in account 897154406216 is not enabled.;arn:aws:accessanalyzer:eu-central-1:897154406216:analyzer/unknown;analyzer/unknown;accessanalyzer_enabled;False;CIS;CIS Amazon Web Services Foundations Benchmark v5.0.0
aws;The CIS Amazon Web Services Foundations Benchmark provides prescriptive guidance for configuring security options for a subset of Amazon Web Services with an emphasis on foundational, testable, and architecture agnostic settings.;897154406216;eu-north-1;2026-06-23 00:27:16.288386;1.19;Ensure that IAM External Access Analyzer is enabled for all regions;1 Identity and Access Management;;Level 1;Automated;Enable the IAM External Access Analyzer regarding all resources in each active AWS region. IAM Access Analyzer is a technology introduced at AWS reinvent 2019. After the Analyzer is enabled in IAM, scan results are displayed on the console showing the accessible resources. Scans show resources that other accounts and federated users can access, such as KMS keys and IAM roles. The results allow you to determine whether an unintended user is permitted, making it easier for administrators to monitor least privilege access. Access Analyzer analyzes only the policies that are applied to resources in the same AWS Region.;AWS IAM External Access Analyzer helps you identify the resources in your organization and accounts, such as Amazon S3 buckets or IAM roles, that are shared with external entities. This allows you to identify unintended access to your resources and data. Access Analyzer identifies resources that are shared with external principals by using logic-based reasoning to analyze the resource-based policies in your AWS environment. IAM External Access Analyzer continuously monitors all policies for S3 buckets, IAM roles, KMS (Key Management Service) keys, AWS Lambda functions, Amazon SQS (Simple Queue Service) queues and more;;**From Console:** Perform the following to enable IAM Access Analyzer for IAM policies: 1. Open the IAM console at `https://console.aws.amazon.com/iam/.` 2. Choose `Access analyzer`. 3. Choose `Create external access analyzer`. 4. On the `Create analyzer` page, confirm that the `Region` displayed is the Region where you want to enable Access Analyzer. 5. Optionally enter a name for the analyzer. 6. Optionally add any tags that you want to apply to the analyzer.  7. Choose `Create Analyzer`. 8. Repeat these step for each active region. **From Command Line:** Run the following command: ``` aws accessanalyzer create-analyzer --analyzer-name <NAME> --type <ACCOUNT|ORGANIZATION> ``` Repeat this command for each active region. **Note:** The IAM Access Analyzer is successfully configured only when the account you use has the necessary permissions.;**From Console:** 1. Open the IAM console at `https://console.aws.amazon.com/iam/` 2. Under `Access analyzer` choose `External Access` 3. Ensure that at least one analyzer is present 4. Ensure that the `STATUS` is set to `Active` 5. Repeat these steps for each active region **From Command Line:** 1. Run the following command: ``` aws accessanalyzer list-analyzers type --<Account|Organization> | grep status ``` 2. Ensure that at least one Analyzer's `status` is set to `ACTIVE`. 3. Repeat the steps above for each active region. If an Access Analyzer is not listed for each region or the status is not set to active refer to the remediation procedure below.;Some regions in AWS are enabled by default, while others are disabled by default. Regions introduced prior to March 20, 2019, are enabled by default and cannot be disabled. Regions introduced afterward can be disabled by default. For more information on managing AWS Regions, please see AWS's [documentation on managing AWS Regions](https://docs.aws.amazon.com/general/latest/gr/rande-manage.html).;;https://docs.aws.amazon.com/IAM/latest/UserGuide/what-is-access-analyzer.html:https://docs.aws.amazon.com/IAM/latest/UserGuide/access-analyzer-getting-started.html:https://awscli.amazonaws.com/v2/documentation/api/latest/reference/accessanalyzer/get-analyzer.html:https://awscli.amazonaws.com/v2/documentation/api/latest/reference/accessanalyzer/create-analyzer.html;FAIL;IAM Access Analyzer in account 897154406216 is not enabled.;arn:aws:accessanalyzer:eu-north-1:897154406216:analyzer/unknown;analyzer/unknown;accessanalyzer_enabled;False;CIS;CIS Amazon Web Services Foundations Benchmark v5.0.0
aws;The CIS Amazon Web Services Foundations Benchmark provides prescriptive guidance for configuring security options for a subset of Amazon Web Services with an emphasis on foundational, testable, and architecture agnostic settings.;897154406216;eu-west-1;2026-06-23 00:27:16.288386;1.19;Ensure that IAM External Access Analyzer is enabled for all regions;1 Identity and Access Management;;Level 1;Automated;Enable the IAM External Access Analyzer regarding all resources in each active AWS region. IAM Access Analyzer is a technology introduced at AWS reinvent 2019. After the Analyzer is enabled in IAM, scan results are displayed on the console showing the accessible resources. Scans show resources that other accounts and federated users can access, such as KMS keys and IAM roles. The results allow you to determine whether an unintended user is permitted, making it easier for administrators to monitor least privilege access. Access Analyzer analyzes only the policies that are applied to resources in the same AWS Region.;AWS IAM External Access Analyzer helps you identify the resources in your organization and accounts, such as Amazon S3 buckets or IAM roles, that are shared with external entities. This allows you to identify unintended access to your resources and data. Access Analyzer identifies resources that are shared with external principals by using logic-based reasoning to analyze the resource-based policies in your AWS environment. IAM External Access Analyzer continuously monitors all policies for S3 buckets, IAM roles, KMS (Key Management Service) keys, AWS Lambda functions, Amazon SQS (Simple Queue Service) queues and more;;**From Console:** Perform the following to enable IAM Access Analyzer for IAM policies: 1. Open the IAM console at `https://console.aws.amazon.com/iam/.` 2. Choose `Access analyzer`. 3. Choose `Create external access analyzer`. 4. On the `Create analyzer` page, confirm that the `Region` displayed is the Region where you want to enable Access Analyzer. 5. Optionally enter a name for the analyzer. 6. Optionally add any tags that you want to apply to the analyzer.  7. Choose `Create Analyzer`. 8. Repeat these step for each active region. **From Command Line:** Run the following command: ``` aws accessanalyzer create-analyzer --analyzer-name <NAME> --type <ACCOUNT|ORGANIZATION> ``` Repeat this command for each active region. **Note:** The IAM Access Analyzer is successfully configured only when the account you use has the necessary permissions.;**From Console:** 1. Open the IAM console at `https://console.aws.amazon.com/iam/` 2. Under `Access analyzer` choose `External Access` 3. Ensure that at least one analyzer is present 4. Ensure that the `STATUS` is set to `Active` 5. Repeat these steps for each active region **From Command Line:** 1. Run the following command: ``` aws accessanalyzer list-analyzers type --<Account|Organization> | grep status ``` 2. Ensure that at least one Analyzer's `status` is set to `ACTIVE`. 3. Repeat the steps above for each active region. If an Access Analyzer is not listed for each region or the status is not set to active refer to the remediation procedure below.;Some regions in AWS are enabled by default, while others are disabled by default. Regions introduced prior to March 20, 2019, are enabled by default and cannot be disabled. Regions introduced afterward can be disabled by default. For more information on managing AWS Regions, please see AWS's [documentation on managing AWS Regions](https://docs.aws.amazon.com/general/latest/gr/rande-manage.html).;;https://docs.aws.amazon.com/IAM/latest/UserGuide/what-is-access-analyzer.html:https://docs.aws.amazon.com/IAM/latest/UserGuide/access-analyzer-getting-started.html:https://awscli.amazonaws.com/v2/documentation/api/latest/reference/accessanalyzer/get-analyzer.html:https://awscli.amazonaws.com/v2/documentation/api/latest/reference/accessanalyzer/create-analyzer.html;FAIL;IAM Access Analyzer in account 897154406216 is not enabled.;arn:aws:accessanalyzer:eu-west-1:897154406216:analyzer/unknown;analyzer/unknown;accessanalyzer_enabled;False;CIS;CIS Amazon Web Services Foundations Benchmark v5.0.0
aws;The CIS Amazon Web Services Foundations Benchmark provides prescriptive guidance for configuring security options for a subset of Amazon Web Services with an emphasis on foundational, testable, and architecture agnostic settings.;897154406216;eu-west-2;2026-06-23 00:27:16.288386;1.19;Ensure that IAM External Access Analyzer is enabled for all regions;1 Identity and Access Management;;Level 1;Automated;Enable the IAM External Access Analyzer regarding all resources in each active AWS region. IAM Access Analyzer is a technology introduced at AWS reinvent 2019. After the Analyzer is enabled in IAM, scan results are displayed on the console showing the accessible resources. Scans show resources that other accounts and federated users can access, such as KMS keys and IAM roles. The results allow you to determine whether an unintended user is permitted, making it easier for administrators to monitor least privilege access. Access Analyzer analyzes only the policies that are applied to resources in the same AWS Region.;AWS IAM External Access Analyzer helps you identify the resources in your organization and accounts, such as Amazon S3 buckets or IAM roles, that are shared with external entities. This allows you to identify unintended access to your resources and data. Access Analyzer identifies resources that are shared with external principals by using logic-based reasoning to analyze the resource-based policies in your AWS environment. IAM External Access Analyzer continuously monitors all policies for S3 buckets, IAM roles, KMS (Key Management Service) keys, AWS Lambda functions, Amazon SQS (Simple Queue Service) queues and more;;**From Console:** Perform the following to enable IAM Access Analyzer for IAM policies: 1. Open the IAM console at `https://console.aws.amazon.com/iam/.` 2. Choose `Access analyzer`. 3. Choose `Create external access analyzer`. 4. On the `Create analyzer` page, confirm that the `Region` displayed is the Region where you want to enable Access Analyzer. 5. Optionally enter a name for the analyzer. 6. Optionally add any tags that you want to apply to the analyzer.  7. Choose `Create Analyzer`. 8. Repeat these step for each active region. **From Command Line:** Run the following command: ``` aws accessanalyzer create-analyzer --analyzer-name <NAME> --type <ACCOUNT|ORGANIZATION> ``` Repeat this command for each active region. **Note:** The IAM Access Analyzer is successfully configured only when the account you use has the necessary permissions.;**From Console:** 1. Open the IAM console at `https://console.aws.amazon.com/iam/` 2. Under `Access analyzer` choose `External Access` 3. Ensure that at least one analyzer is present 4. Ensure that the `STATUS` is set to `Active` 5. Repeat these steps for each active region **From Command Line:** 1. Run the following command: ``` aws accessanalyzer list-analyzers type --<Account|Organization> | grep status ``` 2. Ensure that at least one Analyzer's `status` is set to `ACTIVE`. 3. Repeat the steps above for each active region. If an Access Analyzer is not listed for each region or the status is not set to active refer to the remediation procedure below.;Some regions in AWS are enabled by default, while others are disabled by default. Regions introduced prior to March 20, 2019, are enabled by default and cannot be disabled. Regions introduced afterward can be disabled by default. For more information on managing AWS Regions, please see AWS's [documentation on managing AWS Regions](https://docs.aws.amazon.com/general/latest/gr/rande-manage.html).;;https://docs.aws.amazon.com/IAM/latest/UserGuide/what-is-access-analyzer.html:https://docs.aws.amazon.com/IAM/latest/UserGuide/access-analyzer-getting-started.html:https://awscli.amazonaws.com/v2/documentation/api/latest/reference/accessanalyzer/get-analyzer.html:https://awscli.amazonaws.com/v2/documentation/api/latest/reference/accessanalyzer/create-analyzer.html;FAIL;IAM Access Analyzer in account 897154406216 is not enabled.;arn:aws:accessanalyzer:eu-west-2:897154406216:analyzer/unknown;analyzer/unknown;accessanalyzer_enabled;False;CIS;CIS Amazon Web Services Foundations Benchmark v5.0.0
aws;The CIS Amazon Web Services Foundations Benchmark provides prescriptive guidance for configuring security options for a subset of Amazon Web Services with an emphasis on foundational, testable, and architecture agnostic settings.;897154406216;eu-west-3;2026-06-23 00:27:16.288386;1.19;Ensure that IAM External Access Analyzer is enabled for all regions;1 Identity and Access Management;;Level 1;Automated;Enable the IAM External Access Analyzer regarding all resources in each active AWS region. IAM Access Analyzer is a technology introduced at AWS reinvent 2019. After the Analyzer is enabled in IAM, scan results are displayed on the console showing the accessible resources. Scans show resources that other accounts and federated users can access, such as KMS keys and IAM roles. The results allow you to determine whether an unintended user is permitted, making it easier for administrators to monitor least privilege access. Access Analyzer analyzes only the policies that are applied to resources in the same AWS Region.;AWS IAM External Access Analyzer helps you identify the resources in your organization and accounts, such as Amazon S3 buckets or IAM roles, that are shared with external entities. This allows you to identify unintended access to your resources and data. Access Analyzer identifies resources that are shared with external principals by using logic-based reasoning to analyze the resource-based policies in your AWS environment. IAM External Access Analyzer continuously monitors all policies for S3 buckets, IAM roles, KMS (Key Management Service) keys, AWS Lambda functions, Amazon SQS (Simple Queue Service) queues and more;;**From Console:** Perform the following to enable IAM Access Analyzer for IAM policies: 1. Open the IAM console at `https://console.aws.amazon.com/iam/.` 2. Choose `Access analyzer`. 3. Choose `Create external access analyzer`. 4. On the `Create analyzer` page, confirm that the `Region` displayed is the Region where you want to enable Access Analyzer. 5. Optionally enter a name for the analyzer. 6. Optionally add any tags that you want to apply to the analyzer.  7. Choose `Create Analyzer`. 8. Repeat these step for each active region. **From Command Line:** Run the following command: ``` aws accessanalyzer create-analyzer --analyzer-name <NAME> --type <ACCOUNT|ORGANIZATION> ``` Repeat this command for each active region. **Note:** The IAM Access Analyzer is successfully configured only when the account you use has the necessary permissions.;**From Console:** 1. Open the IAM console at `https://console.aws.amazon.com/iam/` 2. Under `Access analyzer` choose `External Access` 3. Ensure that at least one analyzer is present 4. Ensure that the `STATUS` is set to `Active` 5. Repeat these steps for each active region **From Command Line:** 1. Run the following command: ``` aws accessanalyzer list-analyzers type --<Account|Organization> | grep status ``` 2. Ensure that at least one Analyzer's `status` is set to `ACTIVE`. 3. Repeat the steps above for each active region. If an Access Analyzer is not listed for each region or the status is not set to active refer to the remediation procedure below.;Some regions in AWS are enabled by default, while others are disabled by default. Regions introduced prior to March 20, 2019, are enabled by default and cannot be disabled. Regions introduced afterward can be disabled by default. For more information on managing AWS Regions, please see AWS's [documentation on managing AWS Regions](https://docs.aws.amazon.com/general/latest/gr/rande-manage.html).;;https://docs.aws.amazon.com/IAM/latest/UserGuide/what-is-access-analyzer.html:https://docs.aws.amazon.com/IAM/latest/UserGuide/access-analyzer-getting-started.html:https://awscli.amazonaws.com/v2/documentation/api/latest/reference/accessanalyzer/get-analyzer.html:https://awscli.amazonaws.com/v2/documentation/api/latest/reference/accessanalyzer/create-analyzer.html;FAIL;IAM Access Analyzer in account 897154406216 is not enabled.;arn:aws:accessanalyzer:eu-west-3:897154406216:analyzer/unknown;analyzer/unknown;accessanalyzer_enabled;False;CIS;CIS Amazon Web Services Foundations Benchmark v5.0.0
aws;The CIS Amazon Web Services Foundations Benchmark provides prescriptive guidance for configuring security options for a subset of Amazon Web Services with an emphasis on foundational, testable, and architecture agnostic settings.;897154406216;sa-east-1;2026-06-23 00:27:16.288386;1.19;Ensure that IAM External Access Analyzer is enabled for all regions;1 Identity and Access Management;;Level 1;Automated;Enable the IAM External Access Analyzer regarding all resources in each active AWS region. IAM Access Analyzer is a technology introduced at AWS reinvent 2019. After the Analyzer is enabled in IAM, scan results are displayed on the console showing the accessible resources. Scans show resources that other accounts and federated users can access, such as KMS keys and IAM roles. The results allow you to determine whether an unintended user is permitted, making it easier for administrators to monitor least privilege access. Access Analyzer analyzes only the policies that are applied to resources in the same AWS Region.;AWS IAM External Access Analyzer helps you identify the resources in your organization and accounts, such as Amazon S3 buckets or IAM roles, that are shared with external entities. This allows you to identify unintended access to your resources and data. Access Analyzer identifies resources that are shared with external principals by using logic-based reasoning to analyze the resource-based policies in your AWS environment. IAM External Access Analyzer continuously monitors all policies for S3 buckets, IAM roles, KMS (Key Management Service) keys, AWS Lambda functions, Amazon SQS (Simple Queue Service) queues and more;;**From Console:** Perform the following to enable IAM Access Analyzer for IAM policies: 1. Open the IAM console at `https://console.aws.amazon.com/iam/.` 2. Choose `Access analyzer`. 3. Choose `Create external access analyzer`. 4. On the `Create analyzer` page, confirm that the `Region` displayed is the Region where you want to enable Access Analyzer. 5. Optionally enter a name for the analyzer. 6. Optionally add any tags that you want to apply to the analyzer.  7. Choose `Create Analyzer`. 8. Repeat these step for each active region. **From Command Line:** Run the following command: ``` aws accessanalyzer create-analyzer --analyzer-name <NAME> --type <ACCOUNT|ORGANIZATION> ``` Repeat this command for each active region. **Note:** The IAM Access Analyzer is successfully configured only when the account you use has the necessary permissions.;**From Console:** 1. Open the IAM console at `https://console.aws.amazon.com/iam/` 2. Under `Access analyzer` choose `External Access` 3. Ensure that at least one analyzer is present 4. Ensure that the `STATUS` is set to `Active` 5. Repeat these steps for each active region **From Command Line:** 1. Run the following command: ``` aws accessanalyzer list-analyzers type --<Account|Organization> | grep status ``` 2. Ensure that at least one Analyzer's `status` is set to `ACTIVE`. 3. Repeat the steps above for each active region. If an Access Analyzer is not listed for each region or the status is not set to active refer to the remediation procedure below.;Some regions in AWS are enabled by default, while others are disabled by default. Regions introduced prior to March 20, 2019, are enabled by default and cannot be disabled. Regions introduced afterward can be disabled by default. For more information on managing AWS Regions, please see AWS's [documentation on managing AWS Regions](https://docs.aws.amazon.com/general/latest/gr/rande-manage.html).;;https://docs.aws.amazon.com/IAM/latest/UserGuide/what-is-access-analyzer.html:https://docs.aws.amazon.com/IAM/latest/UserGuide/access-analyzer-getting-started.html:https://awscli.amazonaws.com/v2/documentation/api/latest/reference/accessanalyzer/get-analyzer.html:https://awscli.amazonaws.com/v2/documentation/api/latest/reference/accessanalyzer/create-analyzer.html;FAIL;IAM Access Analyzer in account 897154406216 is not enabled.;arn:aws:accessanalyzer:sa-east-1:897154406216:analyzer/unknown;analyzer/unknown;accessanalyzer_enabled;False;CIS;CIS Amazon Web Services Foundations Benchmark v5.0.0
aws;The CIS Amazon Web Services Foundations Benchmark provides prescriptive guidance for configuring security options for a subset of Amazon Web Services with an emphasis on foundational, testable, and architecture agnostic settings.;897154406216;us-east-1;2026-06-23 00:27:16.288386;1.19;Ensure that IAM External Access Analyzer is enabled for all regions;1 Identity and Access Management;;Level 1;Automated;Enable the IAM External Access Analyzer regarding all resources in each active AWS region. IAM Access Analyzer is a technology introduced at AWS reinvent 2019. After the Analyzer is enabled in IAM, scan results are displayed on the console showing the accessible resources. Scans show resources that other accounts and federated users can access, such as KMS keys and IAM roles. The results allow you to determine whether an unintended user is permitted, making it easier for administrators to monitor least privilege access. Access Analyzer analyzes only the policies that are applied to resources in the same AWS Region.;AWS IAM External Access Analyzer helps you identify the resources in your organization and accounts, such as Amazon S3 buckets or IAM roles, that are shared with external entities. This allows you to identify unintended access to your resources and data. Access Analyzer identifies resources that are shared with external principals by using logic-based reasoning to analyze the resource-based policies in your AWS environment. IAM External Access Analyzer continuously monitors all policies for S3 buckets, IAM roles, KMS (Key Management Service) keys, AWS Lambda functions, Amazon SQS (Simple Queue Service) queues and more;;**From Console:** Perform the following to enable IAM Access Analyzer for IAM policies: 1. Open the IAM console at `https://console.aws.amazon.com/iam/.` 2. Choose `Access analyzer`. 3. Choose `Create external access analyzer`. 4. On the `Create analyzer` page, confirm that the `Region` displayed is the Region where you want to enable Access Analyzer. 5. Optionally enter a name for the analyzer. 6. Optionally add any tags that you want to apply to the analyzer.  7. Choose `Create Analyzer`. 8. Repeat these step for each active region. **From Command Line:** Run the following command: ``` aws accessanalyzer create-analyzer --analyzer-name <NAME> --type <ACCOUNT|ORGANIZATION> ``` Repeat this command for each active region. **Note:** The IAM Access Analyzer is successfully configured only when the account you use has the necessary permissions.;**From Console:** 1. Open the IAM console at `https://console.aws.amazon.com/iam/` 2. Under `Access analyzer` choose `External Access` 3. Ensure that at least one analyzer is present 4. Ensure that the `STATUS` is set to `Active` 5. Repeat these steps for each active region **From Command Line:** 1. Run the following command: ``` aws accessanalyzer list-analyzers type --<Account|Organization> | grep status ``` 2. Ensure that at least one Analyzer's `status` is set to `ACTIVE`. 3. Repeat the steps above for each active region. If an Access Analyzer is not listed for each region or the status is not set to active refer to the remediation procedure below.;Some regions in AWS are enabled by default, while others are disabled by default. Regions introduced prior to March 20, 2019, are enabled by default and cannot be disabled. Regions introduced afterward can be disabled by default. For more information on managing AWS Regions, please see AWS's [documentation on managing AWS Regions](https://docs.aws.amazon.com/general/latest/gr/rande-manage.html).;;https://docs.aws.amazon.com/IAM/latest/UserGuide/what-is-access-analyzer.html:https://docs.aws.amazon.com/IAM/latest/UserGuide/access-analyzer-getting-started.html:https://awscli.amazonaws.com/v2/documentation/api/latest/reference/accessanalyzer/get-analyzer.html:https://awscli.amazonaws.com/v2/documentation/api/latest/reference/accessanalyzer/create-analyzer.html;FAIL;IAM Access Analyzer in account 897154406216 is not enabled.;arn:aws:accessanalyzer:us-east-1:897154406216:analyzer/unknown;analyzer/unknown;accessanalyzer_enabled;False;CIS;CIS Amazon Web Services Foundations Benchmark v5.0.0
aws;The CIS Amazon Web Services Foundations Benchmark provides prescriptive guidance for configuring security options for a subset of Amazon Web Services with an emphasis on foundational, testable, and architecture agnostic settings.;897154406216;us-east-2;2026-06-23 00:27:16.288386;1.19;Ensure that IAM External Access Analyzer is enabled for all regions;1 Identity and Access Management;;Level 1;Automated;Enable the IAM External Access Analyzer regarding all resources in each active AWS region. IAM Access Analyzer is a technology introduced at AWS reinvent 2019. After the Analyzer is enabled in IAM, scan results are displayed on the console showing the accessible resources. Scans show resources that other accounts and federated users can access, such as KMS keys and IAM roles. The results allow you to determine whether an unintended user is permitted, making it easier for administrators to monitor least privilege access. Access Analyzer analyzes only the policies that are applied to resources in the same AWS Region.;AWS IAM External Access Analyzer helps you identify the resources in your organization and accounts, such as Amazon S3 buckets or IAM roles, that are shared with external entities. This allows you to identify unintended access to your resources and data. Access Analyzer identifies resources that are shared with external principals by using logic-based reasoning to analyze the resource-based policies in your AWS environment. IAM External Access Analyzer continuously monitors all policies for S3 buckets, IAM roles, KMS (Key Management Service) keys, AWS Lambda functions, Amazon SQS (Simple Queue Service) queues and more;;**From Console:** Perform the following to enable IAM Access Analyzer for IAM policies: 1. Open the IAM console at `https://console.aws.amazon.com/iam/.` 2. Choose `Access analyzer`. 3. Choose `Create external access analyzer`. 4. On the `Create analyzer` page, confirm that the `Region` displayed is the Region where you want to enable Access Analyzer. 5. Optionally enter a name for the analyzer. 6. Optionally add any tags that you want to apply to the analyzer.  7. Choose `Create Analyzer`. 8. Repeat these step for each active region. **From Command Line:** Run the following command: ``` aws accessanalyzer create-analyzer --analyzer-name <NAME> --type <ACCOUNT|ORGANIZATION> ``` Repeat this command for each active region. **Note:** The IAM Access Analyzer is successfully configured only when the account you use has the necessary permissions.;**From Console:** 1. Open the IAM console at `https://console.aws.amazon.com/iam/` 2. Under `Access analyzer` choose `External Access` 3. Ensure that at least one analyzer is present 4. Ensure that the `STATUS` is set to `Active` 5. Repeat these steps for each active region **From Command Line:** 1. Run the following command: ``` aws accessanalyzer list-analyzers type --<Account|Organization> | grep status ``` 2. Ensure that at least one Analyzer's `status` is set to `ACTIVE`. 3. Repeat the steps above for each active region. If an Access Analyzer is not listed for each region or the status is not set to active refer to the remediation procedure below.;Some regions in AWS are enabled by default, while others are disabled by default. Regions introduced prior to March 20, 2019, are enabled by default and cannot be disabled. Regions introduced afterward can be disabled by default. For more information on managing AWS Regions, please see AWS's [documentation on managing AWS Regions](https://docs.aws.amazon.com/general/latest/gr/rande-manage.html).;;https://docs.aws.amazon.com/IAM/latest/UserGuide/what-is-access-analyzer.html:https://docs.aws.amazon.com/IAM/latest/UserGuide/access-analyzer-getting-started.html:https://awscli.amazonaws.com/v2/documentation/api/latest/reference/accessanalyzer/get-analyzer.html:https://awscli.amazonaws.com/v2/documentation/api/latest/reference/accessanalyzer/create-analyzer.html;FAIL;IAM Access Analyzer in account 897154406216 is not enabled.;arn:aws:accessanalyzer:us-east-2:897154406216:analyzer/unknown;analyzer/unknown;accessanalyzer_enabled;False;CIS;CIS Amazon Web Services Foundations Benchmark v5.0.0
aws;The CIS Amazon Web Services Foundations Benchmark provides prescriptive guidance for configuring security options for a subset of Amazon Web Services with an emphasis on foundational, testable, and architecture agnostic settings.;897154406216;us-west-1;2026-06-23 00:27:16.288386;1.19;Ensure that IAM External Access Analyzer is enabled for all regions;1 Identity and Access Management;;Level 1;Automated;Enable the IAM External Access Analyzer regarding all resources in each active AWS region. IAM Access Analyzer is a technology introduced at AWS reinvent 2019. After the Analyzer is enabled in IAM, scan results are displayed on the console showing the accessible resources. Scans show resources that other accounts and federated users can access, such as KMS keys and IAM roles. The results allow you to determine whether an unintended user is permitted, making it easier for administrators to monitor least privilege access. Access Analyzer analyzes only the policies that are applied to resources in the same AWS Region.;AWS IAM External Access Analyzer helps you identify the resources in your organization and accounts, such as Amazon S3 buckets or IAM roles, that are shared with external entities. This allows you to identify unintended access to your resources and data. Access Analyzer identifies resources that are shared with external principals by using logic-based reasoning to analyze the resource-based policies in your AWS environment. IAM External Access Analyzer continuously monitors all policies for S3 buckets, IAM roles, KMS (Key Management Service) keys, AWS Lambda functions, Amazon SQS (Simple Queue Service) queues and more;;**From Console:** Perform the following to enable IAM Access Analyzer for IAM policies: 1. Open the IAM console at `https://console.aws.amazon.com/iam/.` 2. Choose `Access analyzer`. 3. Choose `Create external access analyzer`. 4. On the `Create analyzer` page, confirm that the `Region` displayed is the Region where you want to enable Access Analyzer. 5. Optionally enter a name for the analyzer. 6. Optionally add any tags that you want to apply to the analyzer.  7. Choose `Create Analyzer`. 8. Repeat these step for each active region. **From Command Line:** Run the following command: ``` aws accessanalyzer create-analyzer --analyzer-name <NAME> --type <ACCOUNT|ORGANIZATION> ``` Repeat this command for each active region. **Note:** The IAM Access Analyzer is successfully configured only when the account you use has the necessary permissions.;**From Console:** 1. Open the IAM console at `https://console.aws.amazon.com/iam/` 2. Under `Access analyzer` choose `External Access` 3. Ensure that at least one analyzer is present 4. Ensure that the `STATUS` is set to `Active` 5. Repeat these steps for each active region **From Command Line:** 1. Run the following command: ``` aws accessanalyzer list-analyzers type --<Account|Organization> | grep status ``` 2. Ensure that at least one Analyzer's `status` is set to `ACTIVE`. 3. Repeat the steps above for each active region. If an Access Analyzer is not listed for each region or the status is not set to active refer to the remediation procedure below.;Some regions in AWS are enabled by default, while others are disabled by default. Regions introduced prior to March 20, 2019, are enabled by default and cannot be disabled. Regions introduced afterward can be disabled by default. For more information on managing AWS Regions, please see AWS's [documentation on managing AWS Regions](https://docs.aws.amazon.com/general/latest/gr/rande-manage.html).;;https://docs.aws.amazon.com/IAM/latest/UserGuide/what-is-access-analyzer.html:https://docs.aws.amazon.com/IAM/latest/UserGuide/access-analyzer-getting-started.html:https://awscli.amazonaws.com/v2/documentation/api/latest/reference/accessanalyzer/get-analyzer.html:https://awscli.amazonaws.com/v2/documentation/api/latest/reference/accessanalyzer/create-analyzer.html;FAIL;IAM Access Analyzer in account 897154406216 is not enabled.;arn:aws:accessanalyzer:us-west-1:897154406216:analyzer/unknown;analyzer/unknown;accessanalyzer_enabled;False;CIS;CIS Amazon Web Services Foundations Benchmark v5.0.0
aws;The CIS Amazon Web Services Foundations Benchmark provides prescriptive guidance for configuring security options for a subset of Amazon Web Services with an emphasis on foundational, testable, and architecture agnostic settings.;897154406216;us-west-2;2026-06-23 00:27:16.288386;1.19;Ensure that IAM External Access Analyzer is enabled for all regions;1 Identity and Access Management;;Level 1;Automated;Enable the IAM External Access Analyzer regarding all resources in each active AWS region. IAM Access Analyzer is a technology introduced at AWS reinvent 2019. After the Analyzer is enabled in IAM, scan results are displayed on the console showing the accessible resources. Scans show resources that other accounts and federated users can access, such as KMS keys and IAM roles. The results allow you to determine whether an unintended user is permitted, making it easier for administrators to monitor least privilege access. Access Analyzer analyzes only the policies that are applied to resources in the same AWS Region.;AWS IAM External Access Analyzer helps you identify the resources in your organization and accounts, such as Amazon S3 buckets or IAM roles, that are shared with external entities. This allows you to identify unintended access to your resources and data. Access Analyzer identifies resources that are shared with external principals by using logic-based reasoning to analyze the resource-based policies in your AWS environment. IAM External Access Analyzer continuously monitors all policies for S3 buckets, IAM roles, KMS (Key Management Service) keys, AWS Lambda functions, Amazon SQS (Simple Queue Service) queues and more;;**From Console:** Perform the following to enable IAM Access Analyzer for IAM policies: 1. Open the IAM console at `https://console.aws.amazon.com/iam/.` 2. Choose `Access analyzer`. 3. Choose `Create external access analyzer`. 4. On the `Create analyzer` page, confirm that the `Region` displayed is the Region where you want to enable Access Analyzer. 5. Optionally enter a name for the analyzer. 6. Optionally add any tags that you want to apply to the analyzer.  7. Choose `Create Analyzer`. 8. Repeat these step for each active region. **From Command Line:** Run the following command: ``` aws accessanalyzer create-analyzer --analyzer-name <NAME> --type <ACCOUNT|ORGANIZATION> ``` Repeat this command for each active region. **Note:** The IAM Access Analyzer is successfully configured only when the account you use has the necessary permissions.;**From Console:** 1. Open the IAM console at `https://console.aws.amazon.com/iam/` 2. Under `Access analyzer` choose `External Access` 3. Ensure that at least one analyzer is present 4. Ensure that the `STATUS` is set to `Active` 5. Repeat these steps for each active region **From Command Line:** 1. Run the following command: ``` aws accessanalyzer list-analyzers type --<Account|Organization> | grep status ``` 2. Ensure that at least one Analyzer's `status` is set to `ACTIVE`. 3. Repeat the steps above for each active region. If an Access Analyzer is not listed for each region or the status is not set to active refer to the remediation procedure below.;Some regions in AWS are enabled by default, while others are disabled by default. Regions introduced prior to March 20, 2019, are enabled by default and cannot be disabled. Regions introduced afterward can be disabled by default. For more information on managing AWS Regions, please see AWS's [documentation on managing AWS Regions](https://docs.aws.amazon.com/general/latest/gr/rande-manage.html).;;https://docs.aws.amazon.com/IAM/latest/UserGuide/what-is-access-analyzer.html:https://docs.aws.amazon.com/IAM/latest/UserGuide/access-analyzer-getting-started.html:https://awscli.amazonaws.com/v2/documentation/api/latest/reference/accessanalyzer/get-analyzer.html:https://awscli.amazonaws.com/v2/documentation/api/latest/reference/accessanalyzer/create-analyzer.html;FAIL;IAM Access Analyzer in account 897154406216 is not enabled.;arn:aws:accessanalyzer:us-west-2:897154406216:analyzer/unknown;analyzer/unknown;accessanalyzer_enabled;False;CIS;CIS Amazon Web Services Foundations Benchmark v5.0.0
aws;The CIS Amazon Web Services Foundations Benchmark provides prescriptive guidance for configuring security options for a subset of Amazon Web Services with an emphasis on foundational, testable, and architecture agnostic settings.;897154406216;us-east-1;2026-06-23 00:27:16.288386;1.1;Maintain current contact details;1 Identity and Access Management;;Level 1;Manual;"Ensure contact email and telephone details for AWS accounts are current and map to more than one individual in your organization. An AWS account supports a number of contact details, and AWS will use these to contact the account owner if activity judged to be in breach of the Acceptable Use Policy or indicative of a likely security compromise is observed by the AWS Abuse team. Contact details should not be for a single individual, as circumstances may arise where that individual is unavailable. Email contact details should point to a mail alias which forwards email to multiple individuals within the organization; where feasible, phone contact details should point to a PABX hunt group or other call-forwarding system.";If an AWS account is observed to be behaving in a prohibited or suspicious manner, AWS will attempt to contact the account owner by email and phone using the contact details listed. If this is unsuccessful and the account behavior needs urgent mitigation, proactive measures may be taken, including throttling of traffic between the account exhibiting suspicious behavior and the AWS API endpoints and the Internet. This will result in impaired service to and from the account in question, so it is in both the customers' and AWS's best interests that prompt contact can be established. This is best achieved by setting AWS account contact details to point to resources which have multiple individuals as recipients, such as email aliases and PABX hunt groups.;;This activity can only be performed via the AWS Console, with a user who has permission to read and write Billing information (aws-portal:\*Billing). 1. Sign in to the AWS Management Console and open the `Billing and Cost Management` console at https://console.aws.amazon.com/billing/home#/. 2. On the navigation bar, choose your account name, and then choose `Account`. 3. On the `Account Settings` page, next to `Account Settings`, choose `Edit`. 4. Next to the field that you need to update, choose `Edit`. 5. After you have entered your changes, choose `Save changes`. 6. After you have made your changes, choose `Done`. 7. To edit your contact information, under `Contact Information`, choose `Edit`. 8. For the fields that you want to change, type your updated information, and then choose `Update`.;This activity can only be performed via the AWS Console, with a user who has permission to read and write Billing information (aws-portal:\*Billing). 1. Sign in to the AWS Management Console and open the `Billing and Cost Management` console at https://console.aws.amazon.com/billing/home#/. 2. On the navigation bar, choose your account name, and then choose `Account`. 3. On the `Account Settings` page, review and verify the current details. 4. Under `Contact Information`, review and verify the current details.;;;https://docs.aws.amazon.com/awsaccountbilling/latest/aboutv2/manage-account-payment.html#contact-info;MANUAL;Login to the AWS Console. Choose your account name on the top right of the window -> My Account -> Contact Information.;arn:aws:iam::897154406216:root;897154406216;account_maintain_current_contact_details;False;CIS;CIS Amazon Web Services Foundations Benchmark v5.0.0
aws;The CIS Amazon Web Services Foundations Benchmark provides prescriptive guidance for configuring security options for a subset of Amazon Web Services with an emphasis on foundational, testable, and architecture agnostic settings.;897154406216;us-east-1;2026-06-23 00:27:16.288386;1.1;Do not create access keys during initial setup for IAM users with a console password;1 Identity and Access Management;;Level 1;Manual;AWS console defaults to no check boxes selected when creating a new IAM user. When creating the IAM User credentials you have to determine what type of access they require.  Programmatic access: The IAM user might need to make API calls, use the AWS CLI, or use the Tools for Windows PowerShell. In that case, create an access key (access key ID and a secret access key) for that user.  AWS Management Console access: If the user needs to access the AWS Management Console, create a password for the user.;Requiring the additional steps to be taken by the user for programmatic access after their profile has been created will provide a stronger indication of intent that access keys are [a] necessary for their work and [b] that once the access key is established on an account, the keys may be in use somewhere in the organization. **Note**: Even if it is known the user will need access keys, require them to create the keys themselves or put in a support ticket to have them created as a separate step from user creation.;;Perform the following to delete access keys that do not pass the audit: **From Console:** 1. Login to the AWS Management Console: 2. Click `Services`  3. Click `IAM`  4. Click on `Users`  5. Click on `Security Credentials`  6. As an Administrator   - Click on the X `(Delete)` for keys that were created at the same time as the user profile but have not been used. 7. As an IAM User  - Click on the X `(Delete)` for keys that were created at the same time as the user profile but have not been used. **From Command Line:** ``` aws iam delete-access-key --access-key-id <access-key-id-listed> --user-name <users-name> ```;Perform the following steps to determine if unused access keys were created upon user creation: **From Console:** 1. Login to the AWS Management Console 2. Click `Services`  3. Click `IAM`  4. Click on a User where column `Password age` and `Access key age` is not set to `None` 5. Click on `Security credentials` Tab 6. Compare the user `Creation time` to the Access Key `Created` date. 6. For any that match, the key was created during initial user setup. - Keys that were created at the same time as the user profile and do not have a last used date should be deleted. Refer to the remediation below. **From Command Line:** 1. Run the following command (OSX/Linux/UNIX) to generate a list of all IAM users along with their access keys utilization: ```  aws iam generate-credential-report ``` ```  aws iam get-credential-report --query 'Content' --output text | base64 -d | cut -d, -f1,4,9,11,14,16 ``` 2. The output of this command will produce a table similar to the following: ``` user,password_enabled,access_key_1_active,access_key_1_last_used_date,access_key_2_active,access_key_2_last_used_date  elise,false,true,2015-04-16T15:14:00+00:00,false,N/A  brandon,true,true,N/A,false,N/A  rakesh,false,false,N/A,false,N/A  helene,false,true,2015-11-18T17:47:00+00:00,false,N/A  paras,true,true,2016-08-28T12:04:00+00:00,true,2016-03-04T10:11:00+00:00  anitha,true,true,2016-06-08T11:43:00+00:00,true,N/A  ``` 3. For any user having `password_enabled` set to `true` AND `access_key_last_used_date` set to `N/A` refer to the remediation below.;Credential report does not appear to contain Key Creation Date;;https://docs.aws.amazon.com/cli/latest/reference/iam/delete-access-key.html:https://docs.aws.amazon.com/IAM/latest/UserGuide/id_users_create.html;MANUAL;Login to the AWS Console. Choose your account name on the top right of the window -> My Account -> Contact Information.;arn:aws:iam::897154406216:root;897154406216;account_maintain_current_contact_details;False;CIS;CIS Amazon Web Services Foundations Benchmark v5.0.0
aws;The CIS Amazon Web Services Foundations Benchmark provides prescriptive guidance for configuring security options for a subset of Amazon Web Services with an emphasis on foundational, testable, and architecture agnostic settings.;897154406216;us-east-1;2026-06-23 00:27:16.288386;1.2;Ensure security contact information is registered;1 Identity and Access Management;;Level 1;Manual;AWS provides customers with the option of specifying the contact information for account's security team. It is recommended that this information be provided.;Specifying security-specific contact information will help ensure that security advisories sent by AWS reach the team in your organization that is best equipped to respond to them.;;Perform the following to establish security contact information: **From Console:** 1. Click on your account name at the top right corner of the console. 2. From the drop-down menu Click `My Account`  3. Scroll down to the `Alternate Contacts` section 4. Enter contact information in the `Security` section **From Command Line:** Run the following command with the following input parameters: --email-address, --name, and --phone-number. ``` aws account put-alternate-contact --alternate-contact-type SECURITY  ```  **Note:** Consider specifying an internal email distribution list to ensure emails are regularly monitored by more than one individual.;Perform the following to determine if security contact information is present: **From Console:** 1. Click on your account name at the top right corner of the console 2. From the drop-down menu Click `My Account`  3. Scroll down to the `Alternate Contacts` section 4. Ensure contact information is specified in the `Security` section **From Command Line:** 1. Run the following command: ```  aws account get-alternate-contact --alternate-contact-type SECURITY ``` 2. Ensure proper contact information is specified for the `Security` contact.;;;;MANUAL;Login to the AWS Console. Choose your account name on the top right of the window -> My Account -> Alternate Contacts -> Security Section.;arn:aws:iam::897154406216:root;897154406216;account_security_contact_information_is_registered;False;CIS;CIS Amazon Web Services Foundations Benchmark v5.0.0
aws;The CIS Amazon Web Services Foundations Benchmark provides prescriptive guidance for configuring security options for a subset of Amazon Web Services with an emphasis on foundational, testable, and architecture agnostic settings.;897154406216;ap-northeast-1;2026-06-23 00:27:16.288386;3.1;Ensure CloudTrail is enabled in all regions;3 Logging;;Level 1;Manual;AWS CloudTrail is a web service that records AWS API calls for your account and delivers log files to you. The recorded information includes the identity of the API caller, the time of the API call, the source IP address of the API caller, the request parameters, and the response elements returned by the AWS service. CloudTrail provides a history of AWS API calls for an account, including API calls made via the Management Console, SDKs, command line tools, and higher-level AWS services (such as CloudFormation).;The AWS API call history produced by CloudTrail enables security analysis, resource change tracking, and compliance auditing. Additionally,  - ensuring that a multi-region trail exists will help detect unexpected activity occurring in otherwise unused regions  - ensuring that a multi-region trail exists will ensure that `Global Service Logging` is enabled for a trail by default to capture recordings of events generated on AWS global services - for a multi-region trail, ensuring that management events are configured for all types of Read/Writes ensures the recording of management operations that are performed on all resources in an AWS account;S3 lifecycle features can be used to manage the accumulation and management of logs over time. See the following AWS resource for more information on these features: 1. https://docs.aws.amazon.com/AmazonS3/latest/dev/object-lifecycle-mgmt.html;Perform the following to enable global (Multi-region) CloudTrail logging: **From Console:** 1. Sign in to the AWS Management Console and open the IAM console at [https://console.aws.amazon.com/cloudtrail](https://console.aws.amazon.com/cloudtrail). 2. Click on `Trails` in the left navigation pane. 3. Click `Get Started Now` if it is presented, then:  - Click `Add new trail`.  - Enter a trail name in the `Trail name` box.  - A trail created in the console is a multi-region trail by default.  - Specify an S3 bucket name in the `S3 bucket` box.  - Specify the AWS KMS alias under the `Log file SSE-KMS encryption` section, or create a new key.  - Click `Next`. 4. Ensure the `Management events` check box is selected. 5. Ensure both `Read` and `Write` are checked under API activity. 6. Click `Next`. 7. Review your trail settings and click `Create trail`. **From Command Line:** Create a multi-region trail: ``` aws cloudtrail create-trail --name <trail-name> --bucket-name <s3-bucket-for-cloudtrail> --is-multi-region-trail  ``` Enable multi-region on an existing trail: ``` aws cloudtrail update-trail --name <trail-name> --is-multi-region-trail ``` **Note:** Creating a CloudTrail trail via the CLI without providing any overriding options configures all `read` and `write` `Management Events` to be logged by default.;Perform the following to determine if CloudTrail is enabled for all regions: **From Console:** 1. Sign in to the AWS Management Console and open the CloudTrail console at [https://console.aws.amazon.com/cloudtrail](https://console.aws.amazon.com/cloudtrail) 2. Click on `Trails` in the left navigation pane  - You will be presented with a list of trails across all regions 3. Ensure that at least one Trail has `Yes` specified in the `Multi-region trail` column 4. Click on a trail via the link in the `Name` column 5. Ensure `Logging` is set to `ON`  6. Ensure `Multi-region trail` is set to `Yes` 7. In the section `Management Events`, ensure that `API activity` set to `ALL` **From Command Line:** 1. List all trails: ```  aws cloudtrail describe-trails ``` 2. Ensure `IsMultiRegionTrail` is set to `true`: ``` aws cloudtrail get-trail-status --name <trail-name> ``` 3. Ensure `IsLogging` is set to `true`: ``` aws cloudtrail get-event-selectors --trail-name <trail-name> ``` 4. Ensure there is at least one `fieldSelector` for a trail that equals `Management`: - This should NOT output any results for Field: readOnly. If either `true` or `false` is returned, one of the checkboxes (`read` or `write`) is not selected. Example of correct output: ``` TrailARN: <your_trail_ARN>,  AdvancedEventSelectors: [  {  Name: Management events selector,  FieldSelectors: [  {  Field: eventCategory,  Equals: [  Management  ]  ```;;Not Enabled;https://docs.aws.amazon.com/awscloudtrail/latest/userguide/cloudtrail-concepts.html#cloudtrail-concepts-management-events:https://docs.aws.amazon.com/awscloudtrail/latest/userguide/logging-management-and-data-events-with-cloudtrail.html?icmpid=docs_cloudtrail_console#logging-management-events:https://docs.aws.amazon.com/awscloudtrail/latest/userguide/cloudtrail-supported-services.html#cloud-trail-supported-services-data-events;FAIL;No CloudTrail trails enabled with logging were found.;arn:aws:cloudtrail:ap-northeast-1:897154406216:trail;897154406216;cloudtrail_multi_region_enabled;False;CIS;CIS Amazon Web Services Foundations Benchmark v5.0.0
aws;The CIS Amazon Web Services Foundations Benchmark provides prescriptive guidance for configuring security options for a subset of Amazon Web Services with an emphasis on foundational, testable, and architecture agnostic settings.;897154406216;ap-northeast-2;2026-06-23 00:27:16.288386;3.1;Ensure CloudTrail is enabled in all regions;3 Logging;;Level 1;Manual;AWS CloudTrail is a web service that records AWS API calls for your account and delivers log files to you. The recorded information includes the identity of the API caller, the time of the API call, the source IP address of the API caller, the request parameters, and the response elements returned by the AWS service. CloudTrail provides a history of AWS API calls for an account, including API calls made via the Management Console, SDKs, command line tools, and higher-level AWS services (such as CloudFormation).;The AWS API call history produced by CloudTrail enables security analysis, resource change tracking, and compliance auditing. Additionally,  - ensuring that a multi-region trail exists will help detect unexpected activity occurring in otherwise unused regions  - ensuring that a multi-region trail exists will ensure that `Global Service Logging` is enabled for a trail by default to capture recordings of events generated on AWS global services - for a multi-region trail, ensuring that management events are configured for all types of Read/Writes ensures the recording of management operations that are performed on all resources in an AWS account;S3 lifecycle features can be used to manage the accumulation and management of logs over time. See the following AWS resource for more information on these features: 1. https://docs.aws.amazon.com/AmazonS3/latest/dev/object-lifecycle-mgmt.html;Perform the following to enable global (Multi-region) CloudTrail logging: **From Console:** 1. Sign in to the AWS Management Console and open the IAM console at [https://console.aws.amazon.com/cloudtrail](https://console.aws.amazon.com/cloudtrail). 2. Click on `Trails` in the left navigation pane. 3. Click `Get Started Now` if it is presented, then:  - Click `Add new trail`.  - Enter a trail name in the `Trail name` box.  - A trail created in the console is a multi-region trail by default.  - Specify an S3 bucket name in the `S3 bucket` box.  - Specify the AWS KMS alias under the `Log file SSE-KMS encryption` section, or create a new key.  - Click `Next`. 4. Ensure the `Management events` check box is selected. 5. Ensure both `Read` and `Write` are checked under API activity. 6. Click `Next`. 7. Review your trail settings and click `Create trail`. **From Command Line:** Create a multi-region trail: ``` aws cloudtrail create-trail --name <trail-name> --bucket-name <s3-bucket-for-cloudtrail> --is-multi-region-trail  ``` Enable multi-region on an existing trail: ``` aws cloudtrail update-trail --name <trail-name> --is-multi-region-trail ``` **Note:** Creating a CloudTrail trail via the CLI without providing any overriding options configures all `read` and `write` `Management Events` to be logged by default.;Perform the following to determine if CloudTrail is enabled for all regions: **From Console:** 1. Sign in to the AWS Management Console and open the CloudTrail console at [https://console.aws.amazon.com/cloudtrail](https://console.aws.amazon.com/cloudtrail) 2. Click on `Trails` in the left navigation pane  - You will be presented with a list of trails across all regions 3. Ensure that at least one Trail has `Yes` specified in the `Multi-region trail` column 4. Click on a trail via the link in the `Name` column 5. Ensure `Logging` is set to `ON`  6. Ensure `Multi-region trail` is set to `Yes` 7. In the section `Management Events`, ensure that `API activity` set to `ALL` **From Command Line:** 1. List all trails: ```  aws cloudtrail describe-trails ``` 2. Ensure `IsMultiRegionTrail` is set to `true`: ``` aws cloudtrail get-trail-status --name <trail-name> ``` 3. Ensure `IsLogging` is set to `true`: ``` aws cloudtrail get-event-selectors --trail-name <trail-name> ``` 4. Ensure there is at least one `fieldSelector` for a trail that equals `Management`: - This should NOT output any results for Field: readOnly. If either `true` or `false` is returned, one of the checkboxes (`read` or `write`) is not selected. Example of correct output: ``` TrailARN: <your_trail_ARN>,  AdvancedEventSelectors: [  {  Name: Management events selector,  FieldSelectors: [  {  Field: eventCategory,  Equals: [  Management  ]  ```;;Not Enabled;https://docs.aws.amazon.com/awscloudtrail/latest/userguide/cloudtrail-concepts.html#cloudtrail-concepts-management-events:https://docs.aws.amazon.com/awscloudtrail/latest/userguide/logging-management-and-data-events-with-cloudtrail.html?icmpid=docs_cloudtrail_console#logging-management-events:https://docs.aws.amazon.com/awscloudtrail/latest/userguide/cloudtrail-supported-services.html#cloud-trail-supported-services-data-events;FAIL;No CloudTrail trails enabled with logging were found.;arn:aws:cloudtrail:ap-northeast-2:897154406216:trail;897154406216;cloudtrail_multi_region_enabled;False;CIS;CIS Amazon Web Services Foundations Benchmark v5.0.0
aws;The CIS Amazon Web Services Foundations Benchmark provides prescriptive guidance for configuring security options for a subset of Amazon Web Services with an emphasis on foundational, testable, and architecture agnostic settings.;897154406216;ap-northeast-3;2026-06-23 00:27:16.288386;3.1;Ensure CloudTrail is enabled in all regions;3 Logging;;Level 1;Manual;AWS CloudTrail is a web service that records AWS API calls for your account and delivers log files to you. The recorded information includes the identity of the API caller, the time of the API call, the source IP address of the API caller, the request parameters, and the response elements returned by the AWS service. CloudTrail provides a history of AWS API calls for an account, including API calls made via the Management Console, SDKs, command line tools, and higher-level AWS services (such as CloudFormation).;The AWS API call history produced by CloudTrail enables security analysis, resource change tracking, and compliance auditing. Additionally,  - ensuring that a multi-region trail exists will help detect unexpected activity occurring in otherwise unused regions  - ensuring that a multi-region trail exists will ensure that `Global Service Logging` is enabled for a trail by default to capture recordings of events generated on AWS global services - for a multi-region trail, ensuring that management events are configured for all types of Read/Writes ensures the recording of management operations that are performed on all resources in an AWS account;S3 lifecycle features can be used to manage the accumulation and management of logs over time. See the following AWS resource for more information on these features: 1. https://docs.aws.amazon.com/AmazonS3/latest/dev/object-lifecycle-mgmt.html;Perform the following to enable global (Multi-region) CloudTrail logging: **From Console:** 1. Sign in to the AWS Management Console and open the IAM console at [https://console.aws.amazon.com/cloudtrail](https://console.aws.amazon.com/cloudtrail). 2. Click on `Trails` in the left navigation pane. 3. Click `Get Started Now` if it is presented, then:  - Click `Add new trail`.  - Enter a trail name in the `Trail name` box.  - A trail created in the console is a multi-region trail by default.  - Specify an S3 bucket name in the `S3 bucket` box.  - Specify the AWS KMS alias under the `Log file SSE-KMS encryption` section, or create a new key.  - Click `Next`. 4. Ensure the `Management events` check box is selected. 5. Ensure both `Read` and `Write` are checked under API activity. 6. Click `Next`. 7. Review your trail settings and click `Create trail`. **From Command Line:** Create a multi-region trail: ``` aws cloudtrail create-trail --name <trail-name> --bucket-name <s3-bucket-for-cloudtrail> --is-multi-region-trail  ``` Enable multi-region on an existing trail: ``` aws cloudtrail update-trail --name <trail-name> --is-multi-region-trail ``` **Note:** Creating a CloudTrail trail via the CLI without providing any overriding options configures all `read` and `write` `Management Events` to be logged by default.;Perform the following to determine if CloudTrail is enabled for all regions: **From Console:** 1. Sign in to the AWS Management Console and open the CloudTrail console at [https://console.aws.amazon.com/cloudtrail](https://console.aws.amazon.com/cloudtrail) 2. Click on `Trails` in the left navigation pane  - You will be presented with a list of trails across all regions 3. Ensure that at least one Trail has `Yes` specified in the `Multi-region trail` column 4. Click on a trail via the link in the `Name` column 5. Ensure `Logging` is set to `ON`  6. Ensure `Multi-region trail` is set to `Yes` 7. In the section `Management Events`, ensure that `API activity` set to `ALL` **From Command Line:** 1. List all trails: ```  aws cloudtrail describe-trails ``` 2. Ensure `IsMultiRegionTrail` is set to `true`: ``` aws cloudtrail get-trail-status --name <trail-name> ``` 3. Ensure `IsLogging` is set to `true`: ``` aws cloudtrail get-event-selectors --trail-name <trail-name> ``` 4. Ensure there is at least one `fieldSelector` for a trail that equals `Management`: - This should NOT output any results for Field: readOnly. If either `true` or `false` is returned, one of the checkboxes (`read` or `write`) is not selected. Example of correct output: ``` TrailARN: <your_trail_ARN>,  AdvancedEventSelectors: [  {  Name: Management events selector,  FieldSelectors: [  {  Field: eventCategory,  Equals: [  Management  ]  ```;;Not Enabled;https://docs.aws.amazon.com/awscloudtrail/latest/userguide/cloudtrail-concepts.html#cloudtrail-concepts-management-events:https://docs.aws.amazon.com/awscloudtrail/latest/userguide/logging-management-and-data-events-with-cloudtrail.html?icmpid=docs_cloudtrail_console#logging-management-events:https://docs.aws.amazon.com/awscloudtrail/latest/userguide/cloudtrail-supported-services.html#cloud-trail-supported-services-data-events;FAIL;No CloudTrail trails enabled with logging were found.;arn:aws:cloudtrail:ap-northeast-3:897154406216:trail;897154406216;cloudtrail_multi_region_enabled;False;CIS;CIS Amazon Web Services Foundations Benchmark v5.0.0
aws;The CIS Amazon Web Services Foundations Benchmark provides prescriptive guidance for configuring security options for a subset of Amazon Web Services with an emphasis on foundational, testable, and architecture agnostic settings.;897154406216;ap-south-1;2026-06-23 00:27:16.288386;3.1;Ensure CloudTrail is enabled in all regions;3 Logging;;Level 1;Manual;AWS CloudTrail is a web service that records AWS API calls for your account and delivers log files to you. The recorded information includes the identity of the API caller, the time of the API call, the source IP address of the API caller, the request parameters, and the response elements returned by the AWS service. CloudTrail provides a history of AWS API calls for an account, including API calls made via the Management Console, SDKs, command line tools, and higher-level AWS services (such as CloudFormation).;The AWS API call history produced by CloudTrail enables security analysis, resource change tracking, and compliance auditing. Additionally,  - ensuring that a multi-region trail exists will help detect unexpected activity occurring in otherwise unused regions  - ensuring that a multi-region trail exists will ensure that `Global Service Logging` is enabled for a trail by default to capture recordings of events generated on AWS global services - for a multi-region trail, ensuring that management events are configured for all types of Read/Writes ensures the recording of management operations that are performed on all resources in an AWS account;S3 lifecycle features can be used to manage the accumulation and management of logs over time. See the following AWS resource for more information on these features: 1. https://docs.aws.amazon.com/AmazonS3/latest/dev/object-lifecycle-mgmt.html;Perform the following to enable global (Multi-region) CloudTrail logging: **From Console:** 1. Sign in to the AWS Management Console and open the IAM console at [https://console.aws.amazon.com/cloudtrail](https://console.aws.amazon.com/cloudtrail). 2. Click on `Trails` in the left navigation pane. 3. Click `Get Started Now` if it is presented, then:  - Click `Add new trail`.  - Enter a trail name in the `Trail name` box.  - A trail created in the console is a multi-region trail by default.  - Specify an S3 bucket name in the `S3 bucket` box.  - Specify the AWS KMS alias under the `Log file SSE-KMS encryption` section, or create a new key.  - Click `Next`. 4. Ensure the `Management events` check box is selected. 5. Ensure both `Read` and `Write` are checked under API activity. 6. Click `Next`. 7. Review your trail settings and click `Create trail`. **From Command Line:** Create a multi-region trail: ``` aws cloudtrail create-trail --name <trail-name> --bucket-name <s3-bucket-for-cloudtrail> --is-multi-region-trail  ``` Enable multi-region on an existing trail: ``` aws cloudtrail update-trail --name <trail-name> --is-multi-region-trail ``` **Note:** Creating a CloudTrail trail via the CLI without providing any overriding options configures all `read` and `write` `Management Events` to be logged by default.;Perform the following to determine if CloudTrail is enabled for all regions: **From Console:** 1. Sign in to the AWS Management Console and open the CloudTrail console at [https://console.aws.amazon.com/cloudtrail](https://console.aws.amazon.com/cloudtrail) 2. Click on `Trails` in the left navigation pane  - You will be presented with a list of trails across all regions 3. Ensure that at least one Trail has `Yes` specified in the `Multi-region trail` column 4. Click on a trail via the link in the `Name` column 5. Ensure `Logging` is set to `ON`  6. Ensure `Multi-region trail` is set to `Yes` 7. In the section `Management Events`, ensure that `API activity` set to `ALL` **From Command Line:** 1. List all trails: ```  aws cloudtrail describe-trails ``` 2. Ensure `IsMultiRegionTrail` is set to `true`: ``` aws cloudtrail get-trail-status --name <trail-name> ``` 3. Ensure `IsLogging` is set to `true`: ``` aws cloudtrail get-event-selectors --trail-name <trail-name> ``` 4. Ensure there is at least one `fieldSelector` for a trail that equals `Management`: - This should NOT output any results for Field: readOnly. If either `true` or `false` is returned, one of the checkboxes (`read` or `write`) is not selected. Example of correct output: ``` TrailARN: <your_trail_ARN>,  AdvancedEventSelectors: [  {  Name: Management events selector,  FieldSelectors: [  {  Field: eventCategory,  Equals: [  Management  ]  ```;;Not Enabled;https://docs.aws.amazon.com/awscloudtrail/latest/userguide/cloudtrail-concepts.html#cloudtrail-concepts-management-events:https://docs.aws.amazon.com/awscloudtrail/latest/userguide/logging-management-and-data-events-with-cloudtrail.html?icmpid=docs_cloudtrail_console#logging-management-events:https://docs.aws.amazon.com/awscloudtrail/latest/userguide/cloudtrail-supported-services.html#cloud-trail-supported-services-data-events;FAIL;No CloudTrail trails enabled with logging were found.;arn:aws:cloudtrail:ap-south-1:897154406216:trail;897154406216;cloudtrail_multi_region_enabled;False;CIS;CIS Amazon Web Services Foundations Benchmark v5.0.0
aws;The CIS Amazon Web Services Foundations Benchmark provides prescriptive guidance for configuring security options for a subset of Amazon Web Services with an emphasis on foundational, testable, and architecture agnostic settings.;897154406216;ap-southeast-1;2026-06-23 00:27:16.288386;3.1;Ensure CloudTrail is enabled in all regions;3 Logging;;Level 1;Manual;AWS CloudTrail is a web service that records AWS API calls for your account and delivers log files to you. The recorded information includes the identity of the API caller, the time of the API call, the source IP address of the API caller, the request parameters, and the response elements returned by the AWS service. CloudTrail provides a history of AWS API calls for an account, including API calls made via the Management Console, SDKs, command line tools, and higher-level AWS services (such as CloudFormation).;The AWS API call history produced by CloudTrail enables security analysis, resource change tracking, and compliance auditing. Additionally,  - ensuring that a multi-region trail exists will help detect unexpected activity occurring in otherwise unused regions  - ensuring that a multi-region trail exists will ensure that `Global Service Logging` is enabled for a trail by default to capture recordings of events generated on AWS global services - for a multi-region trail, ensuring that management events are configured for all types of Read/Writes ensures the recording of management operations that are performed on all resources in an AWS account;S3 lifecycle features can be used to manage the accumulation and management of logs over time. See the following AWS resource for more information on these features: 1. https://docs.aws.amazon.com/AmazonS3/latest/dev/object-lifecycle-mgmt.html;Perform the following to enable global (Multi-region) CloudTrail logging: **From Console:** 1. Sign in to the AWS Management Console and open the IAM console at [https://console.aws.amazon.com/cloudtrail](https://console.aws.amazon.com/cloudtrail). 2. Click on `Trails` in the left navigation pane. 3. Click `Get Started Now` if it is presented, then:  - Click `Add new trail`.  - Enter a trail name in the `Trail name` box.  - A trail created in the console is a multi-region trail by default.  - Specify an S3 bucket name in the `S3 bucket` box.  - Specify the AWS KMS alias under the `Log file SSE-KMS encryption` section, or create a new key.  - Click `Next`. 4. Ensure the `Management events` check box is selected. 5. Ensure both `Read` and `Write` are checked under API activity. 6. Click `Next`. 7. Review your trail settings and click `Create trail`. **From Command Line:** Create a multi-region trail: ``` aws cloudtrail create-trail --name <trail-name> --bucket-name <s3-bucket-for-cloudtrail> --is-multi-region-trail  ``` Enable multi-region on an existing trail: ``` aws cloudtrail update-trail --name <trail-name> --is-multi-region-trail ``` **Note:** Creating a CloudTrail trail via the CLI without providing any overriding options configures all `read` and `write` `Management Events` to be logged by default.;Perform the following to determine if CloudTrail is enabled for all regions: **From Console:** 1. Sign in to the AWS Management Console and open the CloudTrail console at [https://console.aws.amazon.com/cloudtrail](https://console.aws.amazon.com/cloudtrail) 2. Click on `Trails` in the left navigation pane  - You will be presented with a list of trails across all regions 3. Ensure that at least one Trail has `Yes` specified in the `Multi-region trail` column 4. Click on a trail via the link in the `Name` column 5. Ensure `Logging` is set to `ON`  6. Ensure `Multi-region trail` is set to `Yes` 7. In the section `Management Events`, ensure that `API activity` set to `ALL` **From Command Line:** 1. List all trails: ```  aws cloudtrail describe-trails ``` 2. Ensure `IsMultiRegionTrail` is set to `true`: ``` aws cloudtrail get-trail-status --name <trail-name> ``` 3. Ensure `IsLogging` is set to `true`: ``` aws cloudtrail get-event-selectors --trail-name <trail-name> ``` 4. Ensure there is at least one `fieldSelector` for a trail that equals `Management`: - This should NOT output any results for Field: readOnly. If either `true` or `false` is returned, one of the checkboxes (`read` or `write`) is not selected. Example of correct output: ``` TrailARN: <your_trail_ARN>,  AdvancedEventSelectors: [  {  Name: Management events selector,  FieldSelectors: [  {  Field: eventCategory,  Equals: [  Management  ]  ```;;Not Enabled;https://docs.aws.amazon.com/awscloudtrail/latest/userguide/cloudtrail-concepts.html#cloudtrail-concepts-management-events:https://docs.aws.amazon.com/awscloudtrail/latest/userguide/logging-management-and-data-events-with-cloudtrail.html?icmpid=docs_cloudtrail_console#logging-management-events:https://docs.aws.amazon.com/awscloudtrail/latest/userguide/cloudtrail-supported-services.html#cloud-trail-supported-services-data-events;FAIL;No CloudTrail trails enabled with logging were found.;arn:aws:cloudtrail:ap-southeast-1:897154406216:trail;897154406216;cloudtrail_multi_region_enabled;False;CIS;CIS Amazon Web Services Foundations Benchmark v5.0.0
aws;The CIS Amazon Web Services Foundations Benchmark provides prescriptive guidance for configuring security options for a subset of Amazon Web Services with an emphasis on foundational, testable, and architecture agnostic settings.;897154406216;ap-southeast-2;2026-06-23 00:27:16.288386;3.1;Ensure CloudTrail is enabled in all regions;3 Logging;;Level 1;Manual;AWS CloudTrail is a web service that records AWS API calls for your account and delivers log files to you. The recorded information includes the identity of the API caller, the time of the API call, the source IP address of the API caller, the request parameters, and the response elements returned by the AWS service. CloudTrail provides a history of AWS API calls for an account, including API calls made via the Management Console, SDKs, command line tools, and higher-level AWS services (such as CloudFormation).;The AWS API call history produced by CloudTrail enables security analysis, resource change tracking, and compliance auditing. Additionally,  - ensuring that a multi-region trail exists will help detect unexpected activity occurring in otherwise unused regions  - ensuring that a multi-region trail exists will ensure that `Global Service Logging` is enabled for a trail by default to capture recordings of events generated on AWS global services - for a multi-region trail, ensuring that management events are configured for all types of Read/Writes ensures the recording of management operations that are performed on all resources in an AWS account;S3 lifecycle features can be used to manage the accumulation and management of logs over time. See the following AWS resource for more information on these features: 1. https://docs.aws.amazon.com/AmazonS3/latest/dev/object-lifecycle-mgmt.html;Perform the following to enable global (Multi-region) CloudTrail logging: **From Console:** 1. Sign in to the AWS Management Console and open the IAM console at [https://console.aws.amazon.com/cloudtrail](https://console.aws.amazon.com/cloudtrail). 2. Click on `Trails` in the left navigation pane. 3. Click `Get Started Now` if it is presented, then:  - Click `Add new trail`.  - Enter a trail name in the `Trail name` box.  - A trail created in the console is a multi-region trail by default.  - Specify an S3 bucket name in the `S3 bucket` box.  - Specify the AWS KMS alias under the `Log file SSE-KMS encryption` section, or create a new key.  - Click `Next`. 4. Ensure the `Management events` check box is selected. 5. Ensure both `Read` and `Write` are checked under API activity. 6. Click `Next`. 7. Review your trail settings and click `Create trail`. **From Command Line:** Create a multi-region trail: ``` aws cloudtrail create-trail --name <trail-name> --bucket-name <s3-bucket-for-cloudtrail> --is-multi-region-trail  ``` Enable multi-region on an existing trail: ``` aws cloudtrail update-trail --name <trail-name> --is-multi-region-trail ``` **Note:** Creating a CloudTrail trail via the CLI without providing any overriding options configures all `read` and `write` `Management Events` to be logged by default.;Perform the following to determine if CloudTrail is enabled for all regions: **From Console:** 1. Sign in to the AWS Management Console and open the CloudTrail console at [https://console.aws.amazon.com/cloudtrail](https://console.aws.amazon.com/cloudtrail) 2. Click on `Trails` in the left navigation pane  - You will be presented with a list of trails across all regions 3. Ensure that at least one Trail has `Yes` specified in the `Multi-region trail` column 4. Click on a trail via the link in the `Name` column 5. Ensure `Logging` is set to `ON`  6. Ensure `Multi-region trail` is set to `Yes` 7. In the section `Management Events`, ensure that `API activity` set to `ALL` **From Command Line:** 1. List all trails: ```  aws cloudtrail describe-trails ``` 2. Ensure `IsMultiRegionTrail` is set to `true`: ``` aws cloudtrail get-trail-status --name <trail-name> ``` 3. Ensure `IsLogging` is set to `true`: ``` aws cloudtrail get-event-selectors --trail-name <trail-name> ``` 4. Ensure there is at least one `fieldSelector` for a trail that equals `Management`: - This should NOT output any results for Field: readOnly. If either `true` or `false` is returned, one of the checkboxes (`read` or `write`) is not selected. Example of correct output: ``` TrailARN: <your_trail_ARN>,  AdvancedEventSelectors: [  {  Name: Management events selector,  FieldSelectors: [  {  Field: eventCategory,  Equals: [  Management  ]  ```;;Not Enabled;https://docs.aws.amazon.com/awscloudtrail/latest/userguide/cloudtrail-concepts.html#cloudtrail-concepts-management-events:https://docs.aws.amazon.com/awscloudtrail/latest/userguide/logging-management-and-data-events-with-cloudtrail.html?icmpid=docs_cloudtrail_console#logging-management-events:https://docs.aws.amazon.com/awscloudtrail/latest/userguide/cloudtrail-supported-services.html#cloud-trail-supported-services-data-events;FAIL;No CloudTrail trails enabled with logging were found.;arn:aws:cloudtrail:ap-southeast-2:897154406216:trail;897154406216;cloudtrail_multi_region_enabled;False;CIS;CIS Amazon Web Services Foundations Benchmark v5.0.0
aws;The CIS Amazon Web Services Foundations Benchmark provides prescriptive guidance for configuring security options for a subset of Amazon Web Services with an emphasis on foundational, testable, and architecture agnostic settings.;897154406216;ca-central-1;2026-06-23 00:27:16.288386;3.1;Ensure CloudTrail is enabled in all regions;3 Logging;;Level 1;Manual;AWS CloudTrail is a web service that records AWS API calls for your account and delivers log files to you. The recorded information includes the identity of the API caller, the time of the API call, the source IP address of the API caller, the request parameters, and the response elements returned by the AWS service. CloudTrail provides a history of AWS API calls for an account, including API calls made via the Management Console, SDKs, command line tools, and higher-level AWS services (such as CloudFormation).;The AWS API call history produced by CloudTrail enables security analysis, resource change tracking, and compliance auditing. Additionally,  - ensuring that a multi-region trail exists will help detect unexpected activity occurring in otherwise unused regions  - ensuring that a multi-region trail exists will ensure that `Global Service Logging` is enabled for a trail by default to capture recordings of events generated on AWS global services - for a multi-region trail, ensuring that management events are configured for all types of Read/Writes ensures the recording of management operations that are performed on all resources in an AWS account;S3 lifecycle features can be used to manage the accumulation and management of logs over time. See the following AWS resource for more information on these features: 1. https://docs.aws.amazon.com/AmazonS3/latest/dev/object-lifecycle-mgmt.html;Perform the following to enable global (Multi-region) CloudTrail logging: **From Console:** 1. Sign in to the AWS Management Console and open the IAM console at [https://console.aws.amazon.com/cloudtrail](https://console.aws.amazon.com/cloudtrail). 2. Click on `Trails` in the left navigation pane. 3. Click `Get Started Now` if it is presented, then:  - Click `Add new trail`.  - Enter a trail name in the `Trail name` box.  - A trail created in the console is a multi-region trail by default.  - Specify an S3 bucket name in the `S3 bucket` box.  - Specify the AWS KMS alias under the `Log file SSE-KMS encryption` section, or create a new key.  - Click `Next`. 4. Ensure the `Management events` check box is selected. 5. Ensure both `Read` and `Write` are checked under API activity. 6. Click `Next`. 7. Review your trail settings and click `Create trail`. **From Command Line:** Create a multi-region trail: ``` aws cloudtrail create-trail --name <trail-name> --bucket-name <s3-bucket-for-cloudtrail> --is-multi-region-trail  ``` Enable multi-region on an existing trail: ``` aws cloudtrail update-trail --name <trail-name> --is-multi-region-trail ``` **Note:** Creating a CloudTrail trail via the CLI without providing any overriding options configures all `read` and `write` `Management Events` to be logged by default.;Perform the following to determine if CloudTrail is enabled for all regions: **From Console:** 1. Sign in to the AWS Management Console and open the CloudTrail console at [https://console.aws.amazon.com/cloudtrail](https://console.aws.amazon.com/cloudtrail) 2. Click on `Trails` in the left navigation pane  - You will be presented with a list of trails across all regions 3. Ensure that at least one Trail has `Yes` specified in the `Multi-region trail` column 4. Click on a trail via the link in the `Name` column 5. Ensure `Logging` is set to `ON`  6. Ensure `Multi-region trail` is set to `Yes` 7. In the section `Management Events`, ensure that `API activity` set to `ALL` **From Command Line:** 1. List all trails: ```  aws cloudtrail describe-trails ``` 2. Ensure `IsMultiRegionTrail` is set to `true`: ``` aws cloudtrail get-trail-status --name <trail-name> ``` 3. Ensure `IsLogging` is set to `true`: ``` aws cloudtrail get-event-selectors --trail-name <trail-name> ``` 4. Ensure there is at least one `fieldSelector` for a trail that equals `Management`: - This should NOT output any results for Field: readOnly. If either `true` or `false` is returned, one of the checkboxes (`read` or `write`) is not selected. Example of correct output: ``` TrailARN: <your_trail_ARN>,  AdvancedEventSelectors: [  {  Name: Management events selector,  FieldSelectors: [  {  Field: eventCategory,  Equals: [  Management  ]  ```;;Not Enabled;https://docs.aws.amazon.com/awscloudtrail/latest/userguide/cloudtrail-concepts.html#cloudtrail-concepts-management-events:https://docs.aws.amazon.com/awscloudtrail/latest/userguide/logging-management-and-data-events-with-cloudtrail.html?icmpid=docs_cloudtrail_console#logging-management-events:https://docs.aws.amazon.com/awscloudtrail/latest/userguide/cloudtrail-supported-services.html#cloud-trail-supported-services-data-events;FAIL;No CloudTrail trails enabled with logging were found.;arn:aws:cloudtrail:ca-central-1:897154406216:trail;897154406216;cloudtrail_multi_region_enabled;False;CIS;CIS Amazon Web Services Foundations Benchmark v5.0.0
aws;The CIS Amazon Web Services Foundations Benchmark provides prescriptive guidance for configuring security options for a subset of Amazon Web Services with an emphasis on foundational, testable, and architecture agnostic settings.;897154406216;eu-central-1;2026-06-23 00:27:16.288386;3.1;Ensure CloudTrail is enabled in all regions;3 Logging;;Level 1;Manual;AWS CloudTrail is a web service that records AWS API calls for your account and delivers log files to you. The recorded information includes the identity of the API caller, the time of the API call, the source IP address of the API caller, the request parameters, and the response elements returned by the AWS service. CloudTrail provides a history of AWS API calls for an account, including API calls made via the Management Console, SDKs, command line tools, and higher-level AWS services (such as CloudFormation).;The AWS API call history produced by CloudTrail enables security analysis, resource change tracking, and compliance auditing. Additionally,  - ensuring that a multi-region trail exists will help detect unexpected activity occurring in otherwise unused regions  - ensuring that a multi-region trail exists will ensure that `Global Service Logging` is enabled for a trail by default to capture recordings of events generated on AWS global services - for a multi-region trail, ensuring that management events are configured for all types of Read/Writes ensures the recording of management operations that are performed on all resources in an AWS account;S3 lifecycle features can be used to manage the accumulation and management of logs over time. See the following AWS resource for more information on these features: 1. https://docs.aws.amazon.com/AmazonS3/latest/dev/object-lifecycle-mgmt.html;Perform the following to enable global (Multi-region) CloudTrail logging: **From Console:** 1. Sign in to the AWS Management Console and open the IAM console at [https://console.aws.amazon.com/cloudtrail](https://console.aws.amazon.com/cloudtrail). 2. Click on `Trails` in the left navigation pane. 3. Click `Get Started Now` if it is presented, then:  - Click `Add new trail`.  - Enter a trail name in the `Trail name` box.  - A trail created in the console is a multi-region trail by default.  - Specify an S3 bucket name in the `S3 bucket` box.  - Specify the AWS KMS alias under the `Log file SSE-KMS encryption` section, or create a new key.  - Click `Next`. 4. Ensure the `Management events` check box is selected. 5. Ensure both `Read` and `Write` are checked under API activity. 6. Click `Next`. 7. Review your trail settings and click `Create trail`. **From Command Line:** Create a multi-region trail: ``` aws cloudtrail create-trail --name <trail-name> --bucket-name <s3-bucket-for-cloudtrail> --is-multi-region-trail  ``` Enable multi-region on an existing trail: ``` aws cloudtrail update-trail --name <trail-name> --is-multi-region-trail ``` **Note:** Creating a CloudTrail trail via the CLI without providing any overriding options configures all `read` and `write` `Management Events` to be logged by default.;Perform the following to determine if CloudTrail is enabled for all regions: **From Console:** 1. Sign in to the AWS Management Console and open the CloudTrail console at [https://console.aws.amazon.com/cloudtrail](https://console.aws.amazon.com/cloudtrail) 2. Click on `Trails` in the left navigation pane  - You will be presented with a list of trails across all regions 3. Ensure that at least one Trail has `Yes` specified in the `Multi-region trail` column 4. Click on a trail via the link in the `Name` column 5. Ensure `Logging` is set to `ON`  6. Ensure `Multi-region trail` is set to `Yes` 7. In the section `Management Events`, ensure that `API activity` set to `ALL` **From Command Line:** 1. List all trails: ```  aws cloudtrail describe-trails ``` 2. Ensure `IsMultiRegionTrail` is set to `true`: ``` aws cloudtrail get-trail-status --name <trail-name> ``` 3. Ensure `IsLogging` is set to `true`: ``` aws cloudtrail get-event-selectors --trail-name <trail-name> ``` 4. Ensure there is at least one `fieldSelector` for a trail that equals `Management`: - This should NOT output any results for Field: readOnly. If either `true` or `false` is returned, one of the checkboxes (`read` or `write`) is not selected. Example of correct output: ``` TrailARN: <your_trail_ARN>,  AdvancedEventSelectors: [  {  Name: Management events selector,  FieldSelectors: [  {  Field: eventCategory,  Equals: [  Management  ]  ```;;Not Enabled;https://docs.aws.amazon.com/awscloudtrail/latest/userguide/cloudtrail-concepts.html#cloudtrail-concepts-management-events:https://docs.aws.amazon.com/awscloudtrail/latest/userguide/logging-management-and-data-events-with-cloudtrail.html?icmpid=docs_cloudtrail_console#logging-management-events:https://docs.aws.amazon.com/awscloudtrail/latest/userguide/cloudtrail-supported-services.html#cloud-trail-supported-services-data-events;FAIL;No CloudTrail trails enabled with logging were found.;arn:aws:cloudtrail:eu-central-1:897154406216:trail;897154406216;cloudtrail_multi_region_enabled;False;CIS;CIS Amazon Web Services Foundations Benchmark v5.0.0
aws;The CIS Amazon Web Services Foundations Benchmark provides prescriptive guidance for configuring security options for a subset of Amazon Web Services with an emphasis on foundational, testable, and architecture agnostic settings.;897154406216;eu-north-1;2026-06-23 00:27:16.288386;3.1;Ensure CloudTrail is enabled in all regions;3 Logging;;Level 1;Manual;AWS CloudTrail is a web service that records AWS API calls for your account and delivers log files to you. The recorded information includes the identity of the API caller, the time of the API call, the source IP address of the API caller, the request parameters, and the response elements returned by the AWS service. CloudTrail provides a history of AWS API calls for an account, including API calls made via the Management Console, SDKs, command line tools, and higher-level AWS services (such as CloudFormation).;The AWS API call history produced by CloudTrail enables security analysis, resource change tracking, and compliance auditing. Additionally,  - ensuring that a multi-region trail exists will help detect unexpected activity occurring in otherwise unused regions  - ensuring that a multi-region trail exists will ensure that `Global Service Logging` is enabled for a trail by default to capture recordings of events generated on AWS global services - for a multi-region trail, ensuring that management events are configured for all types of Read/Writes ensures the recording of management operations that are performed on all resources in an AWS account;S3 lifecycle features can be used to manage the accumulation and management of logs over time. See the following AWS resource for more information on these features: 1. https://docs.aws.amazon.com/AmazonS3/latest/dev/object-lifecycle-mgmt.html;Perform the following to enable global (Multi-region) CloudTrail logging: **From Console:** 1. Sign in to the AWS Management Console and open the IAM console at [https://console.aws.amazon.com/cloudtrail](https://console.aws.amazon.com/cloudtrail). 2. Click on `Trails` in the left navigation pane. 3. Click `Get Started Now` if it is presented, then:  - Click `Add new trail`.  - Enter a trail name in the `Trail name` box.  - A trail created in the console is a multi-region trail by default.  - Specify an S3 bucket name in the `S3 bucket` box.  - Specify the AWS KMS alias under the `Log file SSE-KMS encryption` section, or create a new key.  - Click `Next`. 4. Ensure the `Management events` check box is selected. 5. Ensure both `Read` and `Write` are checked under API activity. 6. Click `Next`. 7. Review your trail settings and click `Create trail`. **From Command Line:** Create a multi-region trail: ``` aws cloudtrail create-trail --name <trail-name> --bucket-name <s3-bucket-for-cloudtrail> --is-multi-region-trail  ``` Enable multi-region on an existing trail: ``` aws cloudtrail update-trail --name <trail-name> --is-multi-region-trail ``` **Note:** Creating a CloudTrail trail via the CLI without providing any overriding options configures all `read` and `write` `Management Events` to be logged by default.;Perform the following to determine if CloudTrail is enabled for all regions: **From Console:** 1. Sign in to the AWS Management Console and open the CloudTrail console at [https://console.aws.amazon.com/cloudtrail](https://console.aws.amazon.com/cloudtrail) 2. Click on `Trails` in the left navigation pane  - You will be presented with a list of trails across all regions 3. Ensure that at least one Trail has `Yes` specified in the `Multi-region trail` column 4. Click on a trail via the link in the `Name` column 5. Ensure `Logging` is set to `ON`  6. Ensure `Multi-region trail` is set to `Yes` 7. In the section `Management Events`, ensure that `API activity` set to `ALL` **From Command Line:** 1. List all trails: ```  aws cloudtrail describe-trails ``` 2. Ensure `IsMultiRegionTrail` is set to `true`: ``` aws cloudtrail get-trail-status --name <trail-name> ``` 3. Ensure `IsLogging` is set to `true`: ``` aws cloudtrail get-event-selectors --trail-name <trail-name> ``` 4. Ensure there is at least one `fieldSelector` for a trail that equals `Management`: - This should NOT output any results for Field: readOnly. If either `true` or `false` is returned, one of the checkboxes (`read` or `write`) is not selected. Example of correct output: ``` TrailARN: <your_trail_ARN>,  AdvancedEventSelectors: [  {  Name: Management events selector,  FieldSelectors: [  {  Field: eventCategory,  Equals: [  Management  ]  ```;;Not Enabled;https://docs.aws.amazon.com/awscloudtrail/latest/userguide/cloudtrail-concepts.html#cloudtrail-concepts-management-events:https://docs.aws.amazon.com/awscloudtrail/latest/userguide/logging-management-and-data-events-with-cloudtrail.html?icmpid=docs_cloudtrail_console#logging-management-events:https://docs.aws.amazon.com/awscloudtrail/latest/userguide/cloudtrail-supported-services.html#cloud-trail-supported-services-data-events;FAIL;No CloudTrail trails enabled with logging were found.;arn:aws:cloudtrail:eu-north-1:897154406216:trail;897154406216;cloudtrail_multi_region_enabled;False;CIS;CIS Amazon Web Services Foundations Benchmark v5.0.0
aws;The CIS Amazon Web Services Foundations Benchmark provides prescriptive guidance for configuring security options for a subset of Amazon Web Services with an emphasis on foundational, testable, and architecture agnostic settings.;897154406216;eu-west-1;2026-06-23 00:27:16.288386;3.1;Ensure CloudTrail is enabled in all regions;3 Logging;;Level 1;Manual;AWS CloudTrail is a web service that records AWS API calls for your account and delivers log files to you. The recorded information includes the identity of the API caller, the time of the API call, the source IP address of the API caller, the request parameters, and the response elements returned by the AWS service. CloudTrail provides a history of AWS API calls for an account, including API calls made via the Management Console, SDKs, command line tools, and higher-level AWS services (such as CloudFormation).;The AWS API call history produced by CloudTrail enables security analysis, resource change tracking, and compliance auditing. Additionally,  - ensuring that a multi-region trail exists will help detect unexpected activity occurring in otherwise unused regions  - ensuring that a multi-region trail exists will ensure that `Global Service Logging` is enabled for a trail by default to capture recordings of events generated on AWS global services - for a multi-region trail, ensuring that management events are configured for all types of Read/Writes ensures the recording of management operations that are performed on all resources in an AWS account;S3 lifecycle features can be used to manage the accumulation and management of logs over time. See the following AWS resource for more information on these features: 1. https://docs.aws.amazon.com/AmazonS3/latest/dev/object-lifecycle-mgmt.html;Perform the following to enable global (Multi-region) CloudTrail logging: **From Console:** 1. Sign in to the AWS Management Console and open the IAM console at [https://console.aws.amazon.com/cloudtrail](https://console.aws.amazon.com/cloudtrail). 2. Click on `Trails` in the left navigation pane. 3. Click `Get Started Now` if it is presented, then:  - Click `Add new trail`.  - Enter a trail name in the `Trail name` box.  - A trail created in the console is a multi-region trail by default.  - Specify an S3 bucket name in the `S3 bucket` box.  - Specify the AWS KMS alias under the `Log file SSE-KMS encryption` section, or create a new key.  - Click `Next`. 4. Ensure the `Management events` check box is selected. 5. Ensure both `Read` and `Write` are checked under API activity. 6. Click `Next`. 7. Review your trail settings and click `Create trail`. **From Command Line:** Create a multi-region trail: ``` aws cloudtrail create-trail --name <trail-name> --bucket-name <s3-bucket-for-cloudtrail> --is-multi-region-trail  ``` Enable multi-region on an existing trail: ``` aws cloudtrail update-trail --name <trail-name> --is-multi-region-trail ``` **Note:** Creating a CloudTrail trail via the CLI without providing any overriding options configures all `read` and `write` `Management Events` to be logged by default.;Perform the following to determine if CloudTrail is enabled for all regions: **From Console:** 1. Sign in to the AWS Management Console and open the CloudTrail console at [https://console.aws.amazon.com/cloudtrail](https://console.aws.amazon.com/cloudtrail) 2. Click on `Trails` in the left navigation pane  - You will be presented with a list of trails across all regions 3. Ensure that at least one Trail has `Yes` specified in the `Multi-region trail` column 4. Click on a trail via the link in the `Name` column 5. Ensure `Logging` is set to `ON`  6. Ensure `Multi-region trail` is set to `Yes` 7. In the section `Management Events`, ensure that `API activity` set to `ALL` **From Command Line:** 1. List all trails: ```  aws cloudtrail describe-trails ``` 2. Ensure `IsMultiRegionTrail` is set to `true`: ``` aws cloudtrail get-trail-status --name <trail-name> ``` 3. Ensure `IsLogging` is set to `true`: ``` aws cloudtrail get-event-selectors --trail-name <trail-name> ``` 4. Ensure there is at least one `fieldSelector` for a trail that equals `Management`: - This should NOT output any results for Field: readOnly. If either `true` or `false` is returned, one of the checkboxes (`read` or `write`) is not selected. Example of correct output: ``` TrailARN: <your_trail_ARN>,  AdvancedEventSelectors: [  {  Name: Management events selector,  FieldSelectors: [  {  Field: eventCategory,  Equals: [  Management  ]  ```;;Not Enabled;https://docs.aws.amazon.com/awscloudtrail/latest/userguide/cloudtrail-concepts.html#cloudtrail-concepts-management-events:https://docs.aws.amazon.com/awscloudtrail/latest/userguide/logging-management-and-data-events-with-cloudtrail.html?icmpid=docs_cloudtrail_console#logging-management-events:https://docs.aws.amazon.com/awscloudtrail/latest/userguide/cloudtrail-supported-services.html#cloud-trail-supported-services-data-events;FAIL;No CloudTrail trails enabled with logging were found.;arn:aws:cloudtrail:eu-west-1:897154406216:trail;897154406216;cloudtrail_multi_region_enabled;False;CIS;CIS Amazon Web Services Foundations Benchmark v5.0.0
aws;The CIS Amazon Web Services Foundations Benchmark provides prescriptive guidance for configuring security options for a subset of Amazon Web Services with an emphasis on foundational, testable, and architecture agnostic settings.;897154406216;eu-west-2;2026-06-23 00:27:16.288386;3.1;Ensure CloudTrail is enabled in all regions;3 Logging;;Level 1;Manual;AWS CloudTrail is a web service that records AWS API calls for your account and delivers log files to you. The recorded information includes the identity of the API caller, the time of the API call, the source IP address of the API caller, the request parameters, and the response elements returned by the AWS service. CloudTrail provides a history of AWS API calls for an account, including API calls made via the Management Console, SDKs, command line tools, and higher-level AWS services (such as CloudFormation).;The AWS API call history produced by CloudTrail enables security analysis, resource change tracking, and compliance auditing. Additionally,  - ensuring that a multi-region trail exists will help detect unexpected activity occurring in otherwise unused regions  - ensuring that a multi-region trail exists will ensure that `Global Service Logging` is enabled for a trail by default to capture recordings of events generated on AWS global services - for a multi-region trail, ensuring that management events are configured for all types of Read/Writes ensures the recording of management operations that are performed on all resources in an AWS account;S3 lifecycle features can be used to manage the accumulation and management of logs over time. See the following AWS resource for more information on these features: 1. https://docs.aws.amazon.com/AmazonS3/latest/dev/object-lifecycle-mgmt.html;Perform the following to enable global (Multi-region) CloudTrail logging: **From Console:** 1. Sign in to the AWS Management Console and open the IAM console at [https://console.aws.amazon.com/cloudtrail](https://console.aws.amazon.com/cloudtrail). 2. Click on `Trails` in the left navigation pane. 3. Click `Get Started Now` if it is presented, then:  - Click `Add new trail`.  - Enter a trail name in the `Trail name` box.  - A trail created in the console is a multi-region trail by default.  - Specify an S3 bucket name in the `S3 bucket` box.  - Specify the AWS KMS alias under the `Log file SSE-KMS encryption` section, or create a new key.  - Click `Next`. 4. Ensure the `Management events` check box is selected. 5. Ensure both `Read` and `Write` are checked under API activity. 6. Click `Next`. 7. Review your trail settings and click `Create trail`. **From Command Line:** Create a multi-region trail: ``` aws cloudtrail create-trail --name <trail-name> --bucket-name <s3-bucket-for-cloudtrail> --is-multi-region-trail  ``` Enable multi-region on an existing trail: ``` aws cloudtrail update-trail --name <trail-name> --is-multi-region-trail ``` **Note:** Creating a CloudTrail trail via the CLI without providing any overriding options configures all `read` and `write` `Management Events` to be logged by default.;Perform the following to determine if CloudTrail is enabled for all regions: **From Console:** 1. Sign in to the AWS Management Console and open the CloudTrail console at [https://console.aws.amazon.com/cloudtrail](https://console.aws.amazon.com/cloudtrail) 2. Click on `Trails` in the left navigation pane  - You will be presented with a list of trails across all regions 3. Ensure that at least one Trail has `Yes` specified in the `Multi-region trail` column 4. Click on a trail via the link in the `Name` column 5. Ensure `Logging` is set to `ON`  6. Ensure `Multi-region trail` is set to `Yes` 7. In the section `Management Events`, ensure that `API activity` set to `ALL` **From Command Line:** 1. List all trails: ```  aws cloudtrail describe-trails ``` 2. Ensure `IsMultiRegionTrail` is set to `true`: ``` aws cloudtrail get-trail-status --name <trail-name> ``` 3. Ensure `IsLogging` is set to `true`: ``` aws cloudtrail get-event-selectors --trail-name <trail-name> ``` 4. Ensure there is at least one `fieldSelector` for a trail that equals `Management`: - This should NOT output any results for Field: readOnly. If either `true` or `false` is returned, one of the checkboxes (`read` or `write`) is not selected. Example of correct output: ``` TrailARN: <your_trail_ARN>,  AdvancedEventSelectors: [  {  Name: Management events selector,  FieldSelectors: [  {  Field: eventCategory,  Equals: [  Management  ]  ```;;Not Enabled;https://docs.aws.amazon.com/awscloudtrail/latest/userguide/cloudtrail-concepts.html#cloudtrail-concepts-management-events:https://docs.aws.amazon.com/awscloudtrail/latest/userguide/logging-management-and-data-events-with-cloudtrail.html?icmpid=docs_cloudtrail_console#logging-management-events:https://docs.aws.amazon.com/awscloudtrail/latest/userguide/cloudtrail-supported-services.html#cloud-trail-supported-services-data-events;FAIL;No CloudTrail trails enabled with logging were found.;arn:aws:cloudtrail:eu-west-2:897154406216:trail;897154406216;cloudtrail_multi_region_enabled;False;CIS;CIS Amazon Web Services Foundations Benchmark v5.0.0
aws;The CIS Amazon Web Services Foundations Benchmark provides prescriptive guidance for configuring security options for a subset of Amazon Web Services with an emphasis on foundational, testable, and architecture agnostic settings.;897154406216;eu-west-3;2026-06-23 00:27:16.288386;3.1;Ensure CloudTrail is enabled in all regions;3 Logging;;Level 1;Manual;AWS CloudTrail is a web service that records AWS API calls for your account and delivers log files to you. The recorded information includes the identity of the API caller, the time of the API call, the source IP address of the API caller, the request parameters, and the response elements returned by the AWS service. CloudTrail provides a history of AWS API calls for an account, including API calls made via the Management Console, SDKs, command line tools, and higher-level AWS services (such as CloudFormation).;The AWS API call history produced by CloudTrail enables security analysis, resource change tracking, and compliance auditing. Additionally,  - ensuring that a multi-region trail exists will help detect unexpected activity occurring in otherwise unused regions  - ensuring that a multi-region trail exists will ensure that `Global Service Logging` is enabled for a trail by default to capture recordings of events generated on AWS global services - for a multi-region trail, ensuring that management events are configured for all types of Read/Writes ensures the recording of management operations that are performed on all resources in an AWS account;S3 lifecycle features can be used to manage the accumulation and management of logs over time. See the following AWS resource for more information on these features: 1. https://docs.aws.amazon.com/AmazonS3/latest/dev/object-lifecycle-mgmt.html;Perform the following to enable global (Multi-region) CloudTrail logging: **From Console:** 1. Sign in to the AWS Management Console and open the IAM console at [https://console.aws.amazon.com/cloudtrail](https://console.aws.amazon.com/cloudtrail). 2. Click on `Trails` in the left navigation pane. 3. Click `Get Started Now` if it is presented, then:  - Click `Add new trail`.  - Enter a trail name in the `Trail name` box.  - A trail created in the console is a multi-region trail by default.  - Specify an S3 bucket name in the `S3 bucket` box.  - Specify the AWS KMS alias under the `Log file SSE-KMS encryption` section, or create a new key.  - Click `Next`. 4. Ensure the `Management events` check box is selected. 5. Ensure both `Read` and `Write` are checked under API activity. 6. Click `Next`. 7. Review your trail settings and click `Create trail`. **From Command Line:** Create a multi-region trail: ``` aws cloudtrail create-trail --name <trail-name> --bucket-name <s3-bucket-for-cloudtrail> --is-multi-region-trail  ``` Enable multi-region on an existing trail: ``` aws cloudtrail update-trail --name <trail-name> --is-multi-region-trail ``` **Note:** Creating a CloudTrail trail via the CLI without providing any overriding options configures all `read` and `write` `Management Events` to be logged by default.;Perform the following to determine if CloudTrail is enabled for all regions: **From Console:** 1. Sign in to the AWS Management Console and open the CloudTrail console at [https://console.aws.amazon.com/cloudtrail](https://console.aws.amazon.com/cloudtrail) 2. Click on `Trails` in the left navigation pane  - You will be presented with a list of trails across all regions 3. Ensure that at least one Trail has `Yes` specified in the `Multi-region trail` column 4. Click on a trail via the link in the `Name` column 5. Ensure `Logging` is set to `ON`  6. Ensure `Multi-region trail` is set to `Yes` 7. In the section `Management Events`, ensure that `API activity` set to `ALL` **From Command Line:** 1. List all trails: ```  aws cloudtrail describe-trails ``` 2. Ensure `IsMultiRegionTrail` is set to `true`: ``` aws cloudtrail get-trail-status --name <trail-name> ``` 3. Ensure `IsLogging` is set to `true`: ``` aws cloudtrail get-event-selectors --trail-name <trail-name> ``` 4. Ensure there is at least one `fieldSelector` for a trail that equals `Management`: - This should NOT output any results for Field: readOnly. If either `true` or `false` is returned, one of the checkboxes (`read` or `write`) is not selected. Example of correct output: ``` TrailARN: <your_trail_ARN>,  AdvancedEventSelectors: [  {  Name: Management events selector,  FieldSelectors: [  {  Field: eventCategory,  Equals: [  Management  ]  ```;;Not Enabled;https://docs.aws.amazon.com/awscloudtrail/latest/userguide/cloudtrail-concepts.html#cloudtrail-concepts-management-events:https://docs.aws.amazon.com/awscloudtrail/latest/userguide/logging-management-and-data-events-with-cloudtrail.html?icmpid=docs_cloudtrail_console#logging-management-events:https://docs.aws.amazon.com/awscloudtrail/latest/userguide/cloudtrail-supported-services.html#cloud-trail-supported-services-data-events;FAIL;No CloudTrail trails enabled with logging were found.;arn:aws:cloudtrail:eu-west-3:897154406216:trail;897154406216;cloudtrail_multi_region_enabled;False;CIS;CIS Amazon Web Services Foundations Benchmark v5.0.0
aws;The CIS Amazon Web Services Foundations Benchmark provides prescriptive guidance for configuring security options for a subset of Amazon Web Services with an emphasis on foundational, testable, and architecture agnostic settings.;897154406216;sa-east-1;2026-06-23 00:27:16.288386;3.1;Ensure CloudTrail is enabled in all regions;3 Logging;;Level 1;Manual;AWS CloudTrail is a web service that records AWS API calls for your account and delivers log files to you. The recorded information includes the identity of the API caller, the time of the API call, the source IP address of the API caller, the request parameters, and the response elements returned by the AWS service. CloudTrail provides a history of AWS API calls for an account, including API calls made via the Management Console, SDKs, command line tools, and higher-level AWS services (such as CloudFormation).;The AWS API call history produced by CloudTrail enables security analysis, resource change tracking, and compliance auditing. Additionally,  - ensuring that a multi-region trail exists will help detect unexpected activity occurring in otherwise unused regions  - ensuring that a multi-region trail exists will ensure that `Global Service Logging` is enabled for a trail by default to capture recordings of events generated on AWS global services - for a multi-region trail, ensuring that management events are configured for all types of Read/Writes ensures the recording of management operations that are performed on all resources in an AWS account;S3 lifecycle features can be used to manage the accumulation and management of logs over time. See the following AWS resource for more information on these features: 1. https://docs.aws.amazon.com/AmazonS3/latest/dev/object-lifecycle-mgmt.html;Perform the following to enable global (Multi-region) CloudTrail logging: **From Console:** 1. Sign in to the AWS Management Console and open the IAM console at [https://console.aws.amazon.com/cloudtrail](https://console.aws.amazon.com/cloudtrail). 2. Click on `Trails` in the left navigation pane. 3. Click `Get Started Now` if it is presented, then:  - Click `Add new trail`.  - Enter a trail name in the `Trail name` box.  - A trail created in the console is a multi-region trail by default.  - Specify an S3 bucket name in the `S3 bucket` box.  - Specify the AWS KMS alias under the `Log file SSE-KMS encryption` section, or create a new key.  - Click `Next`. 4. Ensure the `Management events` check box is selected. 5. Ensure both `Read` and `Write` are checked under API activity. 6. Click `Next`. 7. Review your trail settings and click `Create trail`. **From Command Line:** Create a multi-region trail: ``` aws cloudtrail create-trail --name <trail-name> --bucket-name <s3-bucket-for-cloudtrail> --is-multi-region-trail  ``` Enable multi-region on an existing trail: ``` aws cloudtrail update-trail --name <trail-name> --is-multi-region-trail ``` **Note:** Creating a CloudTrail trail via the CLI without providing any overriding options configures all `read` and `write` `Management Events` to be logged by default.;Perform the following to determine if CloudTrail is enabled for all regions: **From Console:** 1. Sign in to the AWS Management Console and open the CloudTrail console at [https://console.aws.amazon.com/cloudtrail](https://console.aws.amazon.com/cloudtrail) 2. Click on `Trails` in the left navigation pane  - You will be presented with a list of trails across all regions 3. Ensure that at least one Trail has `Yes` specified in the `Multi-region trail` column 4. Click on a trail via the link in the `Name` column 5. Ensure `Logging` is set to `ON`  6. Ensure `Multi-region trail` is set to `Yes` 7. In the section `Management Events`, ensure that `API activity` set to `ALL` **From Command Line:** 1. List all trails: ```  aws cloudtrail describe-trails ``` 2. Ensure `IsMultiRegionTrail` is set to `true`: ``` aws cloudtrail get-trail-status --name <trail-name> ``` 3. Ensure `IsLogging` is set to `true`: ``` aws cloudtrail get-event-selectors --trail-name <trail-name> ``` 4. Ensure there is at least one `fieldSelector` for a trail that equals `Management`: - This should NOT output any results for Field: readOnly. If either `true` or `false` is returned, one of the checkboxes (`read` or `write`) is not selected. Example of correct output: ``` TrailARN: <your_trail_ARN>,  AdvancedEventSelectors: [  {  Name: Management events selector,  FieldSelectors: [  {  Field: eventCategory,  Equals: [  Management  ]  ```;;Not Enabled;https://docs.aws.amazon.com/awscloudtrail/latest/userguide/cloudtrail-concepts.html#cloudtrail-concepts-management-events:https://docs.aws.amazon.com/awscloudtrail/latest/userguide/logging-management-and-data-events-with-cloudtrail.html?icmpid=docs_cloudtrail_console#logging-management-events:https://docs.aws.amazon.com/awscloudtrail/latest/userguide/cloudtrail-supported-services.html#cloud-trail-supported-services-data-events;FAIL;No CloudTrail trails enabled with logging were found.;arn:aws:cloudtrail:sa-east-1:897154406216:trail;897154406216;cloudtrail_multi_region_enabled;False;CIS;CIS Amazon Web Services Foundations Benchmark v5.0.0
aws;The CIS Amazon Web Services Foundations Benchmark provides prescriptive guidance for configuring security options for a subset of Amazon Web Services with an emphasis on foundational, testable, and architecture agnostic settings.;897154406216;us-east-1;2026-06-23 00:27:16.288386;3.1;Ensure CloudTrail is enabled in all regions;3 Logging;;Level 1;Manual;AWS CloudTrail is a web service that records AWS API calls for your account and delivers log files to you. The recorded information includes the identity of the API caller, the time of the API call, the source IP address of the API caller, the request parameters, and the response elements returned by the AWS service. CloudTrail provides a history of AWS API calls for an account, including API calls made via the Management Console, SDKs, command line tools, and higher-level AWS services (such as CloudFormation).;The AWS API call history produced by CloudTrail enables security analysis, resource change tracking, and compliance auditing. Additionally,  - ensuring that a multi-region trail exists will help detect unexpected activity occurring in otherwise unused regions  - ensuring that a multi-region trail exists will ensure that `Global Service Logging` is enabled for a trail by default to capture recordings of events generated on AWS global services - for a multi-region trail, ensuring that management events are configured for all types of Read/Writes ensures the recording of management operations that are performed on all resources in an AWS account;S3 lifecycle features can be used to manage the accumulation and management of logs over time. See the following AWS resource for more information on these features: 1. https://docs.aws.amazon.com/AmazonS3/latest/dev/object-lifecycle-mgmt.html;Perform the following to enable global (Multi-region) CloudTrail logging: **From Console:** 1. Sign in to the AWS Management Console and open the IAM console at [https://console.aws.amazon.com/cloudtrail](https://console.aws.amazon.com/cloudtrail). 2. Click on `Trails` in the left navigation pane. 3. Click `Get Started Now` if it is presented, then:  - Click `Add new trail`.  - Enter a trail name in the `Trail name` box.  - A trail created in the console is a multi-region trail by default.  - Specify an S3 bucket name in the `S3 bucket` box.  - Specify the AWS KMS alias under the `Log file SSE-KMS encryption` section, or create a new key.  - Click `Next`. 4. Ensure the `Management events` check box is selected. 5. Ensure both `Read` and `Write` are checked under API activity. 6. Click `Next`. 7. Review your trail settings and click `Create trail`. **From Command Line:** Create a multi-region trail: ``` aws cloudtrail create-trail --name <trail-name> --bucket-name <s3-bucket-for-cloudtrail> --is-multi-region-trail  ``` Enable multi-region on an existing trail: ``` aws cloudtrail update-trail --name <trail-name> --is-multi-region-trail ``` **Note:** Creating a CloudTrail trail via the CLI without providing any overriding options configures all `read` and `write` `Management Events` to be logged by default.;Perform the following to determine if CloudTrail is enabled for all regions: **From Console:** 1. Sign in to the AWS Management Console and open the CloudTrail console at [https://console.aws.amazon.com/cloudtrail](https://console.aws.amazon.com/cloudtrail) 2. Click on `Trails` in the left navigation pane  - You will be presented with a list of trails across all regions 3. Ensure that at least one Trail has `Yes` specified in the `Multi-region trail` column 4. Click on a trail via the link in the `Name` column 5. Ensure `Logging` is set to `ON`  6. Ensure `Multi-region trail` is set to `Yes` 7. In the section `Management Events`, ensure that `API activity` set to `ALL` **From Command Line:** 1. List all trails: ```  aws cloudtrail describe-trails ``` 2. Ensure `IsMultiRegionTrail` is set to `true`: ``` aws cloudtrail get-trail-status --name <trail-name> ``` 3. Ensure `IsLogging` is set to `true`: ``` aws cloudtrail get-event-selectors --trail-name <trail-name> ``` 4. Ensure there is at least one `fieldSelector` for a trail that equals `Management`: - This should NOT output any results for Field: readOnly. If either `true` or `false` is returned, one of the checkboxes (`read` or `write`) is not selected. Example of correct output: ``` TrailARN: <your_trail_ARN>,  AdvancedEventSelectors: [  {  Name: Management events selector,  FieldSelectors: [  {  Field: eventCategory,  Equals: [  Management  ]  ```;;Not Enabled;https://docs.aws.amazon.com/awscloudtrail/latest/userguide/cloudtrail-concepts.html#cloudtrail-concepts-management-events:https://docs.aws.amazon.com/awscloudtrail/latest/userguide/logging-management-and-data-events-with-cloudtrail.html?icmpid=docs_cloudtrail_console#logging-management-events:https://docs.aws.amazon.com/awscloudtrail/latest/userguide/cloudtrail-supported-services.html#cloud-trail-supported-services-data-events;FAIL;No CloudTrail trails enabled with logging were found.;arn:aws:cloudtrail:us-east-1:897154406216:trail;897154406216;cloudtrail_multi_region_enabled;False;CIS;CIS Amazon Web Services Foundations Benchmark v5.0.0
aws;The CIS Amazon Web Services Foundations Benchmark provides prescriptive guidance for configuring security options for a subset of Amazon Web Services with an emphasis on foundational, testable, and architecture agnostic settings.;897154406216;us-east-2;2026-06-23 00:27:16.288386;3.1;Ensure CloudTrail is enabled in all regions;3 Logging;;Level 1;Manual;AWS CloudTrail is a web service that records AWS API calls for your account and delivers log files to you. The recorded information includes the identity of the API caller, the time of the API call, the source IP address of the API caller, the request parameters, and the response elements returned by the AWS service. CloudTrail provides a history of AWS API calls for an account, including API calls made via the Management Console, SDKs, command line tools, and higher-level AWS services (such as CloudFormation).;The AWS API call history produced by CloudTrail enables security analysis, resource change tracking, and compliance auditing. Additionally,  - ensuring that a multi-region trail exists will help detect unexpected activity occurring in otherwise unused regions  - ensuring that a multi-region trail exists will ensure that `Global Service Logging` is enabled for a trail by default to capture recordings of events generated on AWS global services - for a multi-region trail, ensuring that management events are configured for all types of Read/Writes ensures the recording of management operations that are performed on all resources in an AWS account;S3 lifecycle features can be used to manage the accumulation and management of logs over time. See the following AWS resource for more information on these features: 1. https://docs.aws.amazon.com/AmazonS3/latest/dev/object-lifecycle-mgmt.html;Perform the following to enable global (Multi-region) CloudTrail logging: **From Console:** 1. Sign in to the AWS Management Console and open the IAM console at [https://console.aws.amazon.com/cloudtrail](https://console.aws.amazon.com/cloudtrail). 2. Click on `Trails` in the left navigation pane. 3. Click `Get Started Now` if it is presented, then:  - Click `Add new trail`.  - Enter a trail name in the `Trail name` box.  - A trail created in the console is a multi-region trail by default.  - Specify an S3 bucket name in the `S3 bucket` box.  - Specify the AWS KMS alias under the `Log file SSE-KMS encryption` section, or create a new key.  - Click `Next`. 4. Ensure the `Management events` check box is selected. 5. Ensure both `Read` and `Write` are checked under API activity. 6. Click `Next`. 7. Review your trail settings and click `Create trail`. **From Command Line:** Create a multi-region trail: ``` aws cloudtrail create-trail --name <trail-name> --bucket-name <s3-bucket-for-cloudtrail> --is-multi-region-trail  ``` Enable multi-region on an existing trail: ``` aws cloudtrail update-trail --name <trail-name> --is-multi-region-trail ``` **Note:** Creating a CloudTrail trail via the CLI without providing any overriding options configures all `read` and `write` `Management Events` to be logged by default.;Perform the following to determine if CloudTrail is enabled for all regions: **From Console:** 1. Sign in to the AWS Management Console and open the CloudTrail console at [https://console.aws.amazon.com/cloudtrail](https://console.aws.amazon.com/cloudtrail) 2. Click on `Trails` in the left navigation pane  - You will be presented with a list of trails across all regions 3. Ensure that at least one Trail has `Yes` specified in the `Multi-region trail` column 4. Click on a trail via the link in the `Name` column 5. Ensure `Logging` is set to `ON`  6. Ensure `Multi-region trail` is set to `Yes` 7. In the section `Management Events`, ensure that `API activity` set to `ALL` **From Command Line:** 1. List all trails: ```  aws cloudtrail describe-trails ``` 2. Ensure `IsMultiRegionTrail` is set to `true`: ``` aws cloudtrail get-trail-status --name <trail-name> ``` 3. Ensure `IsLogging` is set to `true`: ``` aws cloudtrail get-event-selectors --trail-name <trail-name> ``` 4. Ensure there is at least one `fieldSelector` for a trail that equals `Management`: - This should NOT output any results for Field: readOnly. If either `true` or `false` is returned, one of the checkboxes (`read` or `write`) is not selected. Example of correct output: ``` TrailARN: <your_trail_ARN>,  AdvancedEventSelectors: [  {  Name: Management events selector,  FieldSelectors: [  {  Field: eventCategory,  Equals: [  Management  ]  ```;;Not Enabled;https://docs.aws.amazon.com/awscloudtrail/latest/userguide/cloudtrail-concepts.html#cloudtrail-concepts-management-events:https://docs.aws.amazon.com/awscloudtrail/latest/userguide/logging-management-and-data-events-with-cloudtrail.html?icmpid=docs_cloudtrail_console#logging-management-events:https://docs.aws.amazon.com/awscloudtrail/latest/userguide/cloudtrail-supported-services.html#cloud-trail-supported-services-data-events;FAIL;No CloudTrail trails enabled with logging were found.;arn:aws:cloudtrail:us-east-2:897154406216:trail;897154406216;cloudtrail_multi_region_enabled;False;CIS;CIS Amazon Web Services Foundations Benchmark v5.0.0
aws;The CIS Amazon Web Services Foundations Benchmark provides prescriptive guidance for configuring security options for a subset of Amazon Web Services with an emphasis on foundational, testable, and architecture agnostic settings.;897154406216;us-west-1;2026-06-23 00:27:16.288386;3.1;Ensure CloudTrail is enabled in all regions;3 Logging;;Level 1;Manual;AWS CloudTrail is a web service that records AWS API calls for your account and delivers log files to you. The recorded information includes the identity of the API caller, the time of the API call, the source IP address of the API caller, the request parameters, and the response elements returned by the AWS service. CloudTrail provides a history of AWS API calls for an account, including API calls made via the Management Console, SDKs, command line tools, and higher-level AWS services (such as CloudFormation).;The AWS API call history produced by CloudTrail enables security analysis, resource change tracking, and compliance auditing. Additionally,  - ensuring that a multi-region trail exists will help detect unexpected activity occurring in otherwise unused regions  - ensuring that a multi-region trail exists will ensure that `Global Service Logging` is enabled for a trail by default to capture recordings of events generated on AWS global services - for a multi-region trail, ensuring that management events are configured for all types of Read/Writes ensures the recording of management operations that are performed on all resources in an AWS account;S3 lifecycle features can be used to manage the accumulation and management of logs over time. See the following AWS resource for more information on these features: 1. https://docs.aws.amazon.com/AmazonS3/latest/dev/object-lifecycle-mgmt.html;Perform the following to enable global (Multi-region) CloudTrail logging: **From Console:** 1. Sign in to the AWS Management Console and open the IAM console at [https://console.aws.amazon.com/cloudtrail](https://console.aws.amazon.com/cloudtrail). 2. Click on `Trails` in the left navigation pane. 3. Click `Get Started Now` if it is presented, then:  - Click `Add new trail`.  - Enter a trail name in the `Trail name` box.  - A trail created in the console is a multi-region trail by default.  - Specify an S3 bucket name in the `S3 bucket` box.  - Specify the AWS KMS alias under the `Log file SSE-KMS encryption` section, or create a new key.  - Click `Next`. 4. Ensure the `Management events` check box is selected. 5. Ensure both `Read` and `Write` are checked under API activity. 6. Click `Next`. 7. Review your trail settings and click `Create trail`. **From Command Line:** Create a multi-region trail: ``` aws cloudtrail create-trail --name <trail-name> --bucket-name <s3-bucket-for-cloudtrail> --is-multi-region-trail  ``` Enable multi-region on an existing trail: ``` aws cloudtrail update-trail --name <trail-name> --is-multi-region-trail ``` **Note:** Creating a CloudTrail trail via the CLI without providing any overriding options configures all `read` and `write` `Management Events` to be logged by default.;Perform the following to determine if CloudTrail is enabled for all regions: **From Console:** 1. Sign in to the AWS Management Console and open the CloudTrail console at [https://console.aws.amazon.com/cloudtrail](https://console.aws.amazon.com/cloudtrail) 2. Click on `Trails` in the left navigation pane  - You will be presented with a list of trails across all regions 3. Ensure that at least one Trail has `Yes` specified in the `Multi-region trail` column 4. Click on a trail via the link in the `Name` column 5. Ensure `Logging` is set to `ON`  6. Ensure `Multi-region trail` is set to `Yes` 7. In the section `Management Events`, ensure that `API activity` set to `ALL` **From Command Line:** 1. List all trails: ```  aws cloudtrail describe-trails ``` 2. Ensure `IsMultiRegionTrail` is set to `true`: ``` aws cloudtrail get-trail-status --name <trail-name> ``` 3. Ensure `IsLogging` is set to `true`: ``` aws cloudtrail get-event-selectors --trail-name <trail-name> ``` 4. Ensure there is at least one `fieldSelector` for a trail that equals `Management`: - This should NOT output any results for Field: readOnly. If either `true` or `false` is returned, one of the checkboxes (`read` or `write`) is not selected. Example of correct output: ``` TrailARN: <your_trail_ARN>,  AdvancedEventSelectors: [  {  Name: Management events selector,  FieldSelectors: [  {  Field: eventCategory,  Equals: [  Management  ]  ```;;Not Enabled;https://docs.aws.amazon.com/awscloudtrail/latest/userguide/cloudtrail-concepts.html#cloudtrail-concepts-management-events:https://docs.aws.amazon.com/awscloudtrail/latest/userguide/logging-management-and-data-events-with-cloudtrail.html?icmpid=docs_cloudtrail_console#logging-management-events:https://docs.aws.amazon.com/awscloudtrail/latest/userguide/cloudtrail-supported-services.html#cloud-trail-supported-services-data-events;FAIL;No CloudTrail trails enabled with logging were found.;arn:aws:cloudtrail:us-west-1:897154406216:trail;897154406216;cloudtrail_multi_region_enabled;False;CIS;CIS Amazon Web Services Foundations Benchmark v5.0.0
aws;The CIS Amazon Web Services Foundations Benchmark provides prescriptive guidance for configuring security options for a subset of Amazon Web Services with an emphasis on foundational, testable, and architecture agnostic settings.;897154406216;us-west-2;2026-06-23 00:27:16.288386;3.1;Ensure CloudTrail is enabled in all regions;3 Logging;;Level 1;Manual;AWS CloudTrail is a web service that records AWS API calls for your account and delivers log files to you. The recorded information includes the identity of the API caller, the time of the API call, the source IP address of the API caller, the request parameters, and the response elements returned by the AWS service. CloudTrail provides a history of AWS API calls for an account, including API calls made via the Management Console, SDKs, command line tools, and higher-level AWS services (such as CloudFormation).;The AWS API call history produced by CloudTrail enables security analysis, resource change tracking, and compliance auditing. Additionally,  - ensuring that a multi-region trail exists will help detect unexpected activity occurring in otherwise unused regions  - ensuring that a multi-region trail exists will ensure that `Global Service Logging` is enabled for a trail by default to capture recordings of events generated on AWS global services - for a multi-region trail, ensuring that management events are configured for all types of Read/Writes ensures the recording of management operations that are performed on all resources in an AWS account;S3 lifecycle features can be used to manage the accumulation and management of logs over time. See the following AWS resource for more information on these features: 1. https://docs.aws.amazon.com/AmazonS3/latest/dev/object-lifecycle-mgmt.html;Perform the following to enable global (Multi-region) CloudTrail logging: **From Console:** 1. Sign in to the AWS Management Console and open the IAM console at [https://console.aws.amazon.com/cloudtrail](https://console.aws.amazon.com/cloudtrail). 2. Click on `Trails` in the left navigation pane. 3. Click `Get Started Now` if it is presented, then:  - Click `Add new trail`.  - Enter a trail name in the `Trail name` box.  - A trail created in the console is a multi-region trail by default.  - Specify an S3 bucket name in the `S3 bucket` box.  - Specify the AWS KMS alias under the `Log file SSE-KMS encryption` section, or create a new key.  - Click `Next`. 4. Ensure the `Management events` check box is selected. 5. Ensure both `Read` and `Write` are checked under API activity. 6. Click `Next`. 7. Review your trail settings and click `Create trail`. **From Command Line:** Create a multi-region trail: ``` aws cloudtrail create-trail --name <trail-name> --bucket-name <s3-bucket-for-cloudtrail> --is-multi-region-trail  ``` Enable multi-region on an existing trail: ``` aws cloudtrail update-trail --name <trail-name> --is-multi-region-trail ``` **Note:** Creating a CloudTrail trail via the CLI without providing any overriding options configures all `read` and `write` `Management Events` to be logged by default.;Perform the following to determine if CloudTrail is enabled for all regions: **From Console:** 1. Sign in to the AWS Management Console and open the CloudTrail console at [https://console.aws.amazon.com/cloudtrail](https://console.aws.amazon.com/cloudtrail) 2. Click on `Trails` in the left navigation pane  - You will be presented with a list of trails across all regions 3. Ensure that at least one Trail has `Yes` specified in the `Multi-region trail` column 4. Click on a trail via the link in the `Name` column 5. Ensure `Logging` is set to `ON`  6. Ensure `Multi-region trail` is set to `Yes` 7. In the section `Management Events`, ensure that `API activity` set to `ALL` **From Command Line:** 1. List all trails: ```  aws cloudtrail describe-trails ``` 2. Ensure `IsMultiRegionTrail` is set to `true`: ``` aws cloudtrail get-trail-status --name <trail-name> ``` 3. Ensure `IsLogging` is set to `true`: ``` aws cloudtrail get-event-selectors --trail-name <trail-name> ``` 4. Ensure there is at least one `fieldSelector` for a trail that equals `Management`: - This should NOT output any results for Field: readOnly. If either `true` or `false` is returned, one of the checkboxes (`read` or `write`) is not selected. Example of correct output: ``` TrailARN: <your_trail_ARN>,  AdvancedEventSelectors: [  {  Name: Management events selector,  FieldSelectors: [  {  Field: eventCategory,  Equals: [  Management  ]  ```;;Not Enabled;https://docs.aws.amazon.com/awscloudtrail/latest/userguide/cloudtrail-concepts.html#cloudtrail-concepts-management-events:https://docs.aws.amazon.com/awscloudtrail/latest/userguide/logging-management-and-data-events-with-cloudtrail.html?icmpid=docs_cloudtrail_console#logging-management-events:https://docs.aws.amazon.com/awscloudtrail/latest/userguide/cloudtrail-supported-services.html#cloud-trail-supported-services-data-events;FAIL;No CloudTrail trails enabled with logging were found.;arn:aws:cloudtrail:us-west-2:897154406216:trail;897154406216;cloudtrail_multi_region_enabled;False;CIS;CIS Amazon Web Services Foundations Benchmark v5.0.0
aws;The CIS Amazon Web Services Foundations Benchmark provides prescriptive guidance for configuring security options for a subset of Amazon Web Services with an emphasis on foundational, testable, and architecture agnostic settings.;897154406216;us-east-1;2026-06-23 00:27:16.288386;3.9;Ensure that object-level logging for read events is enabled for S3 buckets;3 Logging;;Level 2;Automated;S3 object-level API operations, such as GetObject, DeleteObject, and PutObject, are referred to as data events. By default, CloudTrail trails do not log data events, so it is recommended to enable object-level logging for S3 buckets.;Enabling object-level logging will help you meet data compliance requirements within your organization, perform comprehensive security analyses, monitor specific patterns of user behavior in your AWS account, or take immediate actions on any object-level API activity within your S3 buckets using Amazon CloudWatch Events.;Enabling logging for these object-level events may significantly increase the number of events logged and may incur additional costs.;**From Console:** 1. Login to the AWS Management Console and navigate to S3 dashboard at `https://console.aws.amazon.com/s3/`. 2. In the left navigation panel, click `buckets` and then click the name of the S3 bucket that you want to examine. 3. Click the `Properties` tab to see the bucket configuration in detail. 4. In the `AWS Cloud Trail data events` section, select the trail name for recording activity. You can choose an existing trail or create a new one by clicking the `Configure in CloudTrail` button or navigating to the [CloudTrail console](https://console.aws.amazon.com/cloudtrail/). 5. Once the trail is selected, select the `Data Events` check box. 6. Select `S3` from the `Data event type` drop-down. 7. Select `Log all events` from the `Log selector template` drop-down. 8. Repeat steps 2-7 to enable object-level logging of read events for other S3 buckets. **From Command Line:** 1. To enable `object-level` data events logging for S3 buckets within your AWS account, run the `put-event-selectors` command using the name of the trail that you want to reconfigure as identifier: ``` aws cloudtrail put-event-selectors --region <region-name> --trail-name <trail-name> --event-selectors '[{ ReadWriteType: ReadOnly, IncludeManagementEvents:true, DataResources: [{ Type: AWS::S3::Object, Values: [arn:aws:s3:::<s3-bucket-name>/] }] }]' ``` 2. The command output will be `object-level` event trail configuration. 3. If you want to enable it for all buckets at once, change the Values parameter to `[arn:aws:s3]` in the previous command. 4. Repeat step 1 for each s3 bucket to update `object-level` logging of read events. 5. Change the AWS region by updating the `--region` command parameter, and perform the process for the other regions.;"**From Console:** 1. Login to the AWS Management Console and navigate to the CloudTrail dashboard at `https://console.aws.amazon.com/cloudtrail/`. 2. In the left panel, click `Trails`, and then click the name of the trail that you want to examine. 3. Review `General details`. 4. Confirm that `Multi-region trail` is set to `Yes` 5. Scroll down to `Data events` 5. Scroll down to `Data events` and confirm the configuration: - If `advanced event selectors` is being used, it should read: ``` Data Events: S3 Log selector template Log all events ``` - If `basic event selectors` is being used, it should read: ``` Data events: S3 Bucket Name: All current and future S3 buckets Read: Enabled ``` 6. Repeat steps 2-5 to verify that each trail has multi-region enabled and is configured to log data events. If a trail does not have multi-region enabled and data event logging configured, refer to the remediation steps. **From Command Line:** 1. Run the `describe-trails` command to list all trail names: ``` aws cloudtrail describe-trails --region <region-name> --output table --query trailList[*].Name ``` 2. The command output will be table of the trail names. 3. Run the `get-event-selectors` command using the name of a trail returned at the previous step and custom query filters to determine if data event logging is configured: ``` aws cloudtrail get-event-selectors --region <region-name> --trail-name <trail-name> --query EventSelectors[*].DataResources[] ``` 4. The command output should be an array that includes the S3 bucket defined for data event logging. 5. If the `get-event-selectors` command returns an empty array, data events are not included in the trail's logging configuration; therefore, object-level API operations performed on S3 buckets within your AWS account are not being recorded. 6. Repeat steps 1-5 to verify the configuration of each trail. 7. Change the AWS region by updating the `--region` command parameter, and perform the audit process for other regions.";;;https://docs.aws.amazon.com/AmazonS3/latest/user-guide/enable-cloudtrail-events.html;FAIL;No CloudTrail trails have a data event to record all S3 object-level API operations.;arn:aws:cloudtrail:us-east-1:897154406216:trail;897154406216;cloudtrail_s3_dataevents_read_enabled;False;CIS;CIS Amazon Web Services Foundations Benchmark v5.0.0
aws;The CIS Amazon Web Services Foundations Benchmark provides prescriptive guidance for configuring security options for a subset of Amazon Web Services with an emphasis on foundational, testable, and architecture agnostic settings.;897154406216;us-east-1;2026-06-23 00:27:16.288386;3.8;Ensure that object-level logging for write events is enabled for S3 buckets;3 Logging;;Level 2;Automated;S3 object-level API operations, such as GetObject, DeleteObject, and PutObject, are referred to as data events. By default, CloudTrail trails do not log data events, so it is recommended to enable object-level logging for S3 buckets.;Enabling object-level logging will help you meet data compliance requirements within your organization, perform comprehensive security analyses, monitor specific patterns of user behavior in your AWS account, or take immediate actions on any object-level API activity within your S3 buckets using Amazon CloudWatch Events.;Enabling logging for these object-level events may significantly increase the number of events logged and may incur additional costs.;**From Console:** 1. Login to the AWS Management Console and navigate to the S3 dashboard at `https://console.aws.amazon.com/s3/`. 2. In the left navigation panel, click `buckets`, and then click the name of the S3 bucket you want to examine. 3. Click the `Properties` tab to see the bucket configuration in detail. 4. In the `AWS CloudTrail data events` section, select the trail name for recording activity. You can choose an existing trail or create a new one by clicking the `Configure in CloudTrail` button or navigating to the [CloudTrail console](https://console.aws.amazon.com/cloudtrail/). 5. Once the trail is selected, select the `Data Events` check box. 6. Select `S3` from the `Data event type` drop-down. 7. Select `Log all events` from the `Log selector template` drop-down. 8. Repeat steps 2-7 to enable object-level logging of write events for other S3 buckets. **From Command Line:** 1. To enable `object-level` data events logging for S3 buckets within your AWS account, run the `put-event-selectors` command using the name of the trail that you want to reconfigure as identifier: ``` aws cloudtrail put-event-selectors --region <region-name> --trail-name <trail-name> --event-selectors '[{ ReadWriteType: WriteOnly, IncludeManagementEvents:true, DataResources: [{ Type: AWS::S3::Object, Values: [arn:aws:s3:::<s3-bucket-name>/] }] }]' ``` 2. The command output will be `object-level` event trail configuration. 3. If you want to enable it for all buckets at once, change the Values parameter to `[arn:aws:s3]` in the previous command. 4. Repeat step 1 for each s3 bucket to update `object-level` logging of write events. 5. Change the AWS region by updating the `--region` command parameter, and perform the process for the other regions.;"**From Console:** 1. Login to the AWS Management Console and navigate to the CloudTrail dashboard at `https://console.aws.amazon.com/cloudtrail/`. 2. In the left panel, click `Trails`, and then click the name of the trail that you want to examine. 3. Review `General details`. 4. Confirm that `Multi-region trail` is set to `Yes`. 5. Scroll down to `Data events` and confirm the configuration: - If `advanced event selectors` is being used, it should read: ``` Data Events: S3 Log selector template Log all events ``` - If `basic event selectors` is being used, it should read: ``` Data events: S3 Bucket Name: All current and future S3 buckets Write: Enabled ``` 6. Repeat steps 2-5 to verify that each trail has multi-region enabled and is configured to log data events. If a trail does not have multi-region enabled and data event logging configured, refer to the remediation steps. **From Command Line:** 1. Run the `list-trails` command to list all trails: ``` aws cloudtrail list-trails ``` 2. The command output will be a list of trails: ``` TrailARN: arn:aws:cloudtrail:<region>:<account#>:trail/<trail-name>, Name: <trail-name>, HomeRegion: <region> ``` 3. Run the `get-trail` command to determine whether a trail is a multi-region trail: ``` aws cloudtrail get-trail --name <trail-name> --region <region-name> ``` 4. The command output should include: `IsMultiRegionTrail: true`. 5. Run the `get-event-selectors` command, using the `Name` of the trail and the `region` returned in step 2, to determine if data event logging is configured: ``` aws cloudtrail get-event-selectors --region <home-region> --trail-name <trail-name> --query EventSelectors[*].DataResources[] ``` 6. The command output should be an array that includes the S3 bucket defined for data event logging: ``` Type: AWS::S3::Object,  Values: [  arn:aws:s3 ``` 7. If the `get-event-selectors` command returns an empty array, data events are not included in the trail's logging configuration; therefore, object-level API operations performed on S3 buckets within your AWS account are not being recorded. 8. Repeat steps 1-7 to verify that each trail has multi-region enabled and is configured to log data events. If a trail does not have multi-region enabled and data event logging configured, refer to the remediation steps.";;;https://docs.aws.amazon.com/AmazonS3/latest/user-guide/enable-cloudtrail-events.html;FAIL;No CloudTrail trails have a data event to record all S3 object-level API operations.;arn:aws:cloudtrail:us-east-1:897154406216:trail;897154406216;cloudtrail_s3_dataevents_write_enabled;False;CIS;CIS Amazon Web Services Foundations Benchmark v5.0.0
aws;The CIS Amazon Web Services Foundations Benchmark provides prescriptive guidance for configuring security options for a subset of Amazon Web Services with an emphasis on foundational, testable, and architecture agnostic settings.;897154406216;us-east-1;2026-06-23 00:27:16.288386;4.11;Ensure Network Access Control List (NACL) changes are monitored;4 Monitoring;;Level 2;Manual;Real-time monitoring of API calls can be achieved by directing CloudTrail Logs to CloudWatch Logs or an external Security Information and Event Management (SIEM) environment, and establishing corresponding metric filters and alarms.  NACLs are used as a stateless packet filter to control ingress and egress traffic for subnets within a VPC. It is recommended that a metric filter and alarm be established for any changes made to NACLs.;CloudWatch is an AWS native service that allows you to observe and monitor resources and applications. CloudTrail logs can also be sent to an external Security Information and Event Management (SIEM) environment for monitoring and alerting. Monitoring changes to NACLs will help ensure that AWS resources and services are not unintentionally exposed.;;If you are using CloudTrail trails and CloudWatch, perform the following steps to set up the metric filter, alarm, SNS topic, and subscription: 1. Create a metric filter based on the provided filter pattern that checks for NACL changes and uses the `<trail-log-group-name>` taken from audit step 1:  ```  aws logs put-metric-filter --log-group-name <trail-log-group-name> --filter-name <nacl-changes-metric> --metric-transformations metricName=<nacl-changes-metric>,metricNamespace='CISBenchmark',metricValue=1 --filter-pattern '{ ($.eventName = CreateNetworkAcl) || ($.eventName = CreateNetworkAclEntry) || ($.eventName = DeleteNetworkAcl) || ($.eventName = DeleteNetworkAclEntry) || ($.eventName = ReplaceNetworkAclEntry) || ($.eventName = ReplaceNetworkAclAssociation) }'  ```  **Note**: You can choose your own `metricName` and `metricNamespace` strings. Using the same `metricNamespace` for all Foundations Benchmark metrics will group them together. 2. Create an SNS topic that the alarm will notify:  ```  aws sns create-topic --name <sns-topic-name>  ```  **Note**: You can execute this command once and then reuse the same topic for all monitoring alarms.  **Note**: Capture the `TopicArn` that is displayed when creating the SNS topic in step 2. 3. Create an SNS subscription for the topic created in step 2:  ```  aws sns subscribe --topic-arn <sns-topic-arn> --protocol <sns-protocol> --notification-endpoint <sns-subscription-endpoints>  ```  **Note**: You can execute this command once and then reuse the same subscription for all monitoring alarms. 4. Create an alarm that is associated with the CloudWatch Logs metric filter created in step 1 and the SNS topic created in step 2:  ```  aws cloudwatch put-metric-alarm --alarm-name <nacl-changes-alarm> --metric-name <nacl-changes-metric> --statistic Sum --period 300 --threshold 1 --comparison-operator GreaterThanOrEqualToThreshold --evaluation-periods 1 --namespace 'CISBenchmark' --alarm-actions <sns-topic-arn>  ```;"If you are using CloudTrail trails and CloudWatch, perform the following to ensure that there is at least one active multi-region CloudTrail trail with the prescribed metric filters and alarms configured: 1. Identify the log group name that is configured for use with the active multi-region CloudTrail trail: - List all CloudTrail trails: `aws cloudtrail describe-trails` - Identify multi-region CloudTrail trails: `Trails with IsMultiRegionTrail set to true` - Note the value associated with Name:`<trail-name>` - Note the `<trail-log-group-name>` within the value associated with CloudWatchLogsLogGroupArn  - Example: `arn:aws:logs:<region>:<account-id>:log-group:<trail-log-group-name>:*` - Ensure the identified multi-region CloudTrail trail is active:  - `aws cloudtrail get-trail-status --name <trail-name>`  - Ensure `IsLogging` is set to `TRUE` - Ensure the identified multi-region CloudTrail trail captures all management events:  - `aws cloudtrail get-event-selectors --trail-name <trail-name>`  - Ensure there is at least one `event selector` for a trail with `IncludeManagementEvents` set to `true` and `ReadWriteType` set to `All` 2. Get a list of all associated metric filters for the `<trail-log-group-name>` captured in step 1:  ```  aws logs describe-metric-filters --log-group-name <trail-log-group-name>  ``` 3. Ensure the output from the above command contains the following:  ```  filterPattern: { ($.eventName = CreateNetworkAcl) || ($.eventName = CreateNetworkAclEntry) || ($.eventName = DeleteNetworkAcl) || ($.eventName = DeleteNetworkAclEntry) || ($.eventName = ReplaceNetworkAclEntry) || ($.eventName = ReplaceNetworkAclAssociation) }  ``` 4. Note the `<nacl-changes-metric>` value associated with the `filterPattern` from step 3. 5. Get a list of CloudWatch alarms, and filter on the `<nacl-changes-metric>` captured in step 4:  ```  aws cloudwatch describe-alarms --query 'MetricAlarms[?MetricName==<nacl-changes-metric>]'  ``` 6. Note the `AlarmActions` value; this will provide the SNS topic ARN value. 7. Ensure there is at least one active subscriber to the SNS topic:  ```  aws sns list-subscriptions-by-topic --topic-arn <sns-topic-arn>   ``` - At least one subscription should have SubscriptionArn with a valid AWS ARN.  - Example of valid SubscriptionArn: `arn:aws:sns:<region>:<account-id>:<sns-topic-name>:<subscription-id>`";Configuring a log metric filter and alarm on a multi-region (global) CloudTrail trail: - ensures that activities from all regions (both used and unused) are monitored - ensures that activities on all supported global services are monitored - ensures that all management events across all regions are monitored;;https://docs.aws.amazon.com/awscloudtrail/latest/userguide/receive-cloudtrail-log-files-from-multiple-regions.html:https://docs.aws.amazon.com/awscloudtrail/latest/userguide/cloudwatch-alarms-for-cloudtrail.html:https://docs.aws.amazon.com/sns/latest/dg/SubscribeTopic.html;FAIL;No CloudWatch log groups found with metric filters or alarms associated.;arn:aws:logs:us-east-1:897154406216:log-group;897154406216;cloudwatch_changes_to_network_acls_alarm_configured;False;CIS;CIS Amazon Web Services Foundations Benchmark v5.0.0
aws;The CIS Amazon Web Services Foundations Benchmark provides prescriptive guidance for configuring security options for a subset of Amazon Web Services with an emphasis on foundational, testable, and architecture agnostic settings.;897154406216;us-east-1;2026-06-23 00:27:16.288386;4.12;Ensure changes to network gateways are monitored;4 Monitoring;;Level 1;Manual;Real-time monitoring of API calls can be achieved by directing CloudTrail Logs to CloudWatch Logs or an external Security Information and Event Management (SIEM) environment, and establishing corresponding metric filters and alarms.  Network gateways are required to send and receive traffic to a destination outside of a VPC. It is recommended that a metric filter and alarm be established for changes to network gateways.;CloudWatch is an AWS native service that allows you to observe and monitor resources and applications. CloudTrail logs can also be sent to an external Security Information and Event Management (SIEM) environment for monitoring and alerting. Monitoring changes to network gateways will help ensure that all ingress/egress traffic traverses the VPC border via a controlled path.;Monitoring changes to network gateways helps detect unauthorized modifications that could compromise network security. Implementing automated monitoring and alerts can improve incident response times, but it may require additional configuration and maintenance efforts.;If you are using CloudTrail trails and CloudWatch, perform the following steps to set up the metric filter, alarm, SNS topic, and subscription: 1. Create a metric filter based on the provided filter pattern that checks for network gateways changes and uses the `<trail-log-group-name>` taken from audit step 1:  ```  aws logs put-metric-filter --log-group-name <trail-log-group-name> --filter-name <network-gw-changes-metric> --metric-transformations metricName=<network-gw-changes-metric>,metricNamespace='CISBenchmark',metricValue=1 --filter-pattern '{ ($.eventName = CreateCustomerGateway) || ($.eventName = DeleteCustomerGateway) || ($.eventName = AttachInternetGateway) || ($.eventName = CreateInternetGateway) || ($.eventName = DeleteInternetGateway) || ($.eventName = DetachInternetGateway) }'  ```  **Note**: You can choose your own `metricName` and `metricNamespace` strings. Using the same `metricNamespace` for all Foundations Benchmark metrics will group them together. 2. Create an SNS topic that the alarm will notify:  ```  aws sns create-topic --name <sns-topic-name>  ```  **Note**: You can execute this command once and then reuse the same topic for all monitoring alarms.  **Note**: Capture the `TopicArn` that is displayed when creating the SNS topic in step 2. 3. Create an SNS subscription for the topic created in step 2:  ```  aws sns subscribe --topic-arn <sns-topic-arn> --protocol <sns-protocol> --notification-endpoint <sns-subscription-endpoints>  ```  **Note**: You can execute this command once and then reuse the same subscription for all monitoring alarms. 4. Create an alarm that is associated with the CloudWatch Logs metric filter created in step 1 and the SNS topic created in step 2:  ```  aws cloudwatch put-metric-alarm --alarm-name <network-gw-changes-alarm> --metric-name <network-gw-changes-metric> --statistic Sum --period 300 --threshold 1 --comparison-operator GreaterThanOrEqualToThreshold --evaluation-periods 1 --namespace 'CISBenchmark' --alarm-actions <sns-topic-arn>  ``` 5. Implement logging and alerting mechanisms:  ```  aws sns create-topic --name NetworkGatewayChangesAlerts  ````  ```  aws sns subscribe --topic-arn <sns-topic-arn> --protocol email --notification-endpoint <email-address>  ```  ```  aws cloudwatch put-metric-alarm --alarm-name NetworkGatewayChangesAlarm --metric-name GatewayChanges --namespace AWS/EC2 --statistic Sum --period 300 --threshold 1 --comparison-operator GreaterThanOrEqualToThreshold --evaluation-periods 1 --alarm-actions <sns-topic-arn>  ```;"If you are using CloudTrail trails and CloudWatch, perform the following to ensure that there is at least one active multi-region CloudTrail trail with the prescribed metric filters and alarms configured: 1. Identify the log group name that is configured for use with the active multi-region CloudTrail trail: - List all CloudTrail trails: `aws cloudtrail describe-trails` - Identify multi-region CloudTrail trails: `Trails with IsMultiRegionTrail set to true` - Note the value associated with Name:`<trail-name>` - Note the `<trail-log-group-name>` within the value associated with CloudWatchLogsLogGroupArn  - Example: `arn:aws:logs:<region>:<account-id>:log-group:<trail-log-group-name>:*` - Ensure the identified multi-region CloudTrail trail is active:  - `aws cloudtrail get-trail-status --name <trail-name>`  - Ensure `IsLogging` is set to `TRUE` - Ensure the identified multi-region CloudTrail trail captures all management events:  - `aws cloudtrail get-event-selectors --trail-name <trail-name>`  - Ensure there is at least one `event selector` for a trail with `IncludeManagementEvents` set to `true` and `ReadWriteType` set to `All` 2. Get a list of all associated metric filters for the `<trail-log-group-name>` captured in step 1:  ```  aws logs describe-metric-filters --log-group-name <trail-log-group-name>  ``` 3. Ensure the output from the above command contains the following:  ```  filterPattern: { ($.eventName = CreateCustomerGateway) || ($.eventName = DeleteCustomerGateway) || ($.eventName = AttachInternetGateway) || ($.eventName = CreateInternetGateway) || ($.eventName = DeleteInternetGateway) || ($.eventName = DetachInternetGateway) }  ``` 4. Note the `<network-gw-changes-metric>` value associated with the `filterPattern` from step 3. 5. Get a list of CloudWatch alarms, and filter on the `<network-gw-changes-metric>` captured in step 4:  ```  aws cloudwatch describe-alarms --query 'MetricAlarms[?MetricName==<network-gw-changes-metric>]'  ``` 6. Note the `AlarmActions` value; this will provide the SNS topic ARN value. 7. Ensure there is at least one active subscriber to the SNS topic:  ```  aws sns list-subscriptions-by-topic --topic-arn <sns-topic-arn>   ``` - At least one subscription should have SubscriptionArn with a valid AWS ARN.  - Example of valid SubscriptionArn: `arn:aws:sns:<region>:<account-id>:<sns-topic-name>:<subscription-id>` 8. Ensure automated monitoring is enabled:  ```  aws cloudwatch put-metric-alarm --alarm-name NetworkGatewayChanges --metric-name GatewayChanges --namespace AWS/EC2 --statistic Sum --period 300 --threshold 1 --comparison-operator GreaterThanOrEqualToThreshold --evaluation-periods 1 --alarm-actions <sns-topic-arn>  ```";Configuring a log metric filter and alarm on a multi-region (global) CloudTrail trail: - ensures that activities from all regions (both used and unused) are monitored - ensures that activities on all supported global services are monitored - ensures that all management events across all regions are monitored;;https://docs.aws.amazon.com/awscloudtrail/latest/userguide/receive-cloudtrail-log-files-from-multiple-regions.html:https://docs.aws.amazon.com/awscloudtrail/latest/userguide/cloudwatch-alarms-for-cloudtrail.html:https://docs.aws.amazon.com/sns/latest/dg/SubscribeTopic.html;FAIL;No CloudWatch log groups found with metric filters or alarms associated.;arn:aws:logs:us-east-1:897154406216:log-group;897154406216;cloudwatch_changes_to_network_gateways_alarm_configured;False;CIS;CIS Amazon Web Services Foundations Benchmark v5.0.0
aws;The CIS Amazon Web Services Foundations Benchmark provides prescriptive guidance for configuring security options for a subset of Amazon Web Services with an emphasis on foundational, testable, and architecture agnostic settings.;897154406216;us-east-1;2026-06-23 00:27:16.288386;4.13;Ensure route table changes are monitored;4 Monitoring;;Level 1;Manual;Real-time monitoring of API calls can be achieved by directing CloudTrail Logs to CloudWatch Logs or an external Security Information and Event Management (SIEM) environment, and establishing corresponding metric filters and alarms.  Routing tables are used to route network traffic between subnets and to network gateways. It is recommended that a metric filter and alarm be established for changes to route tables.;CloudWatch is an AWS native service that allows you to observe and monitor resources and applications. CloudTrail logs can also be sent to an external Security Information and Event Management (SIEM) environment for monitoring and alerting. Monitoring changes to route tables will help ensure that all VPC traffic flows through the expected path and prevent any accidental or intentional modifications that may lead to uncontrolled network traffic. An alarm should be triggered every time an AWS API call is performed to create, replace, delete, or disassociate a route table.;;If you are using CloudTrail trails and CloudWatch, perform the following steps to set up the metric filter, alarm, SNS topic, and subscription: 1. Create a metric filter based on the provided filter pattern that checks for route table changes and uses the `<trail-log-group-name>` taken from audit step 1:  ```  aws logs put-metric-filter --log-group-name <trail-log-group-name> --filter-pattern '{ ($.eventName = CreateRoute) || ($.eventName = CreateRouteTable) || ($.eventName = ReplaceRoute) || ($.eventName = ReplaceRouteTableAssociation) || ($.eventName = DeleteRouteTable) || ($.eventName = DeleteRoute) || ($.eventName = DisassociateRouteTable) }'  ```  **Note**: You can choose your own `metricName` and `metricNamespace` strings. Using the same `metricNamespace` for all Foundations Benchmark metrics will group them together. 2. Create an SNS topic that the alarm will notify:  ```  aws sns create-topic --name <sns-topic-name>  ```  **Note**: You can execute this command once and then reuse the same topic for all monitoring alarms.  **Note**: Capture the `TopicArn` that is displayed when creating the SNS topic in step 2. 3. Create an SNS subscription for the topic created in step 2:  ```  aws sns subscribe --topic-arn <sns-topic-arn> --protocol <sns-protocol> --notification-endpoint <sns-subscription-endpoints>  ```  **Note**: You can execute this command once and then reuse the same subscription for all monitoring alarms. 4. Create an alarm that is associated with the CloudWatch Logs metric filter created in step 1 and the SNS topic created in step 2:  ```  aws cloudwatch put-metric-alarm --alarm-name <route-table-changes-alarm> --metric-name <route-table-changes-metric> --statistic Sum --period 300 --threshold 1 --comparison-operator GreaterThanOrEqualToThreshold --evaluation-periods 1 --namespace 'CISBenchmark' --alarm-actions <sns-topic-arn>  ```;"If you are using CloudTrail trails and CloudWatch, perform the following to ensure that there is at least one active multi-region CloudTrail trail with the prescribed metric filters and alarms configured: 1. Identify the log group name that is configured for use with the active multi-region CloudTrail trail: - List all CloudTrail trails: `aws cloudtrail describe-trails` - Identify multi-region CloudTrail trails: `Trails with IsMultiRegionTrail set to true` - Note the value associated with Name:`<trail-name>` - Note the `<trail-log-group-name>` within the value associated with CloudWatchLogsLogGroupArn  - Example: `arn:aws:logs:<region>:<account-id>:log-group:<trail-log-group-name>:*` - Ensure the identified multi-region CloudTrail trail is active:  - `aws cloudtrail get-trail-status --name <trail-name>`  - Ensure `IsLogging` is set to `TRUE` - Ensure the identified multi-region CloudTrail trail captures all management events:  - `aws cloudtrail get-event-selectors --trail-name <trail-name>`  - Ensure there is at least one `event selector` for a trail with `IncludeManagementEvents` set to `true` and `ReadWriteType` set to `All` 2. Get a list of all associated metric filters for the `<trail-log-group-name>` captured in step 1:  ```  aws logs describe-metric-filters --log-group-name <trail-log-group-name>  ``` 3. Ensure the output from the above command contains the following:  ```  filterPattern: {($.eventSource = ec2.amazonaws.com) && ($.eventName = CreateRoute) || ($.eventName = CreateRouteTable) || ($.eventName = ReplaceRoute) || ($.eventName = ReplaceRouteTableAssociation) || ($.eventName = DeleteRouteTable) || ($.eventName = DeleteRoute) || ($.eventName = DisassociateRouteTable) }  ``` 4. Note the `<route-table-changes-metric>` value associated with the `filterPattern` from step 3. 5. Get a list of CloudWatch alarms, and filter on the `<route-table-changes-metric>` captured in step 4:  ```  aws cloudwatch describe-alarms --query 'MetricAlarms[?MetricName==<route-table-changes-metric>]'  ``` 6. Note the `AlarmActions` value; this will provide the SNS topic ARN value. 7. Ensure there is at least one active subscriber to the SNS topic:  ```  aws sns list-subscriptions-by-topic --topic-arn <sns-topic-arn>   ``` - At least one subscription should have SubscriptionArn with a valid AWS ARN.  - Example of valid SubscriptionArn: `arn:aws:sns:<region>:<account-id>:<sns-topic-name>:<subscription-id>`";Configuring a log metric filter and alarm on a multi-region (global) CloudTrail trail: - ensures that activities from all regions (both used and unused) are monitored - ensures that activities on all supported global services are monitored - ensures that all management events across all regions are monitored;;https://docs.aws.amazon.com/awscloudtrail/latest/userguide/receive-cloudtrail-log-files-from-multiple-regions.html:https://docs.aws.amazon.com/awscloudtrail/latest/userguide/cloudwatch-alarms-for-cloudtrail.html:https://docs.aws.amazon.com/sns/latest/dg/SubscribeTopic.html;FAIL;No CloudWatch log groups found with metric filters or alarms associated.;arn:aws:logs:us-east-1:897154406216:log-group;897154406216;cloudwatch_changes_to_network_route_tables_alarm_configured;False;CIS;CIS Amazon Web Services Foundations Benchmark v5.0.0
aws;The CIS Amazon Web Services Foundations Benchmark provides prescriptive guidance for configuring security options for a subset of Amazon Web Services with an emphasis on foundational, testable, and architecture agnostic settings.;897154406216;us-east-1;2026-06-23 00:27:16.288386;4.14;Ensure VPC changes are monitored;4 Monitoring;;Level 1;Manual;"Real-time monitoring of API calls can be achieved by directing CloudTrail Logs to CloudWatch Logs or an external Security Information and Event Management (SIEM) environment, and establishing corresponding metric filters and alarms.  It is possible to have more than one VPC within an account; additionally, it is also possible to create a peer connection between two VPCs, enabling network traffic to route between them. It is recommended that a metric filter and alarm be established for changes made to VPCs.";CloudWatch is an AWS native service that allows you to observe and monitor resources and applications. CloudTrail logs can also be sent to an external Security Information and Event Management (SIEM) environment for monitoring and alerting. VPCs in AWS are logically isolated virtual networks that can be used to launch AWS resources. Monitoring changes to VPC configurations will help ensure that VPC traffic flow is not negatively impacted. Changes to VPCs can affect network accessibility from the public internet and additionally impact VPC traffic flow to and from the resources launched in the VPC.;;If you are using CloudTrail trails and CloudWatch, perform the following steps to set up the metric filter, alarm, SNS topic, and subscription: 1. Create a metric filter based on the provided filter pattern that checks for VPC changes and uses the `<trail-log-group-name>` taken from audit step 1:  ```  aws logs put-metric-filter --log-group-name <trail-log-group-name> --filter-name <vpc-changes-metric> --metric-transformations metricName=<vpc-changes-metric>,metricNamespace='CISBenchmark',metricValue=1 --filter-pattern '{ ($.eventName = CreateVpc) || ($.eventName = DeleteVpc) || ($.eventName = ModifyVpcAttribute) || ($.eventName = AcceptVpcPeeringConnection) || ($.eventName = CreateVpcPeeringConnection) || ($.eventName = DeleteVpcPeeringConnection) || ($.eventName = RejectVpcPeeringConnection) || ($.eventName = AttachClassicLinkVpc) || ($.eventName = DetachClassicLinkVpc) || ($.eventName = DisableVpcClassicLink) || ($.eventName = EnableVpcClassicLink) }'  ```  **Note**: You can choose your own `metricName` and `metricNamespace` strings. Using the same `metricNamespace` for all Foundations Benchmark metrics will group them together. 2. Create an SNS topic that the alarm will notify:  ```  aws sns create-topic --name <sns-topic-name>  ```  **Note**: You can execute this command once and then reuse the same topic for all monitoring alarms.  **Note**: Capture the `TopicArn` that is displayed when creating the SNS topic in step 2. 3. Create an SNS subscription for the topic created in step 2:  ```  aws sns subscribe --topic-arn <sns-topic-arn> --protocol <sns-protocol> --notification-endpoint <sns-subscription-endpoints>  ```  **Note**: You can execute this command once and then reuse the same subscription for all monitoring alarms. 4. Create an alarm that is associated with the CloudWatch Logs metric filter created in step 1 and the SNS topic created in step 2:  ```  aws cloudwatch put-metric-alarm --alarm-name <vpc-changes-alarm> --metric-name <vpc-changes-metric> --statistic Sum --period 300 --threshold 1 --comparison-operator GreaterThanOrEqualToThreshold --evaluation-periods 1 --namespace 'CISBenchmark' --alarm-actions <sns-topic-arn>  ```;"If you are using CloudTrail trails and CloudWatch, perform the following to ensure that there is at least one active multi-region CloudTrail trail with the prescribed metric filters and alarms configured: 1. Identify the log group name that is configured for use with the active multi-region CloudTrail trail: - List all CloudTrail trails: `aws cloudtrail describe-trails` - Identify multi-region CloudTrail trails: `Trails with IsMultiRegionTrail set to true` - Note the value associated with Name:`<trail-name>` - Note the `<trail-log-group-name>` within the value associated with CloudWatchLogsLogGroupArn  - Example: `arn:aws:logs:<region>:<account-id>:log-group:<trail-log-group-name>:*` - Ensure the identified multi-region CloudTrail trail is active:  - `aws cloudtrail get-trail-status --name <trail-name>`  - Ensure `IsLogging` is set to `TRUE` - Ensure the identified multi-region CloudTrail trail captures all management events:  - `aws cloudtrail get-event-selectors --trail-name <trail-name>`  - Ensure there is at least one `event selector` for a trail with `IncludeManagementEvents` set to `true` and `ReadWriteType` set to `All` 2. Get a list of all associated metric filters for the `<trail-log-group-name>` captured in step 1:  ```  aws logs describe-metric-filters --log-group-name <trail-log-group-name>  ``` 3. Ensure the output from the above command contains the following:  ```  filterPattern: { ($.eventName = CreateVpc) || ($.eventName = DeleteVpc) || ($.eventName = ModifyVpcAttribute) || ($.eventName = AcceptVpcPeeringConnection) || ($.eventName = CreateVpcPeeringConnection) || ($.eventName = DeleteVpcPeeringConnection) || ($.eventName = RejectVpcPeeringConnection) || ($.eventName = AttachClassicLinkVpc) || ($.eventName = DetachClassicLinkVpc) || ($.eventName = DisableVpcClassicLink) || ($.eventName = EnableVpcClassicLink) }  ``` 4. Note the `<vpc-changes-metric>` value associated with the `filterPattern` from step 3. 5. Get a list of CloudWatch alarms, and filter on the `<vpc-changes-metric>` captured in step 4:  ```  aws cloudwatch describe-alarms --query 'MetricAlarms[?MetricName==<vpc-changes-metric>]'  ``` 6. Note the `AlarmActions` value; this will provide the SNS topic ARN value. 7. Ensure there is at least one active subscriber to the SNS topic:  ```  aws sns list-subscriptions-by-topic --topic-arn <sns-topic-arn>   ``` - At least one subscription should have SubscriptionArn with a valid AWS ARN.  - Example of valid SubscriptionArn: `arn:aws:sns:<region>:<account-id>:<sns-topic-name>:<subscription-id>`";Configuring a log metric filter and alarm on a multi-region (global) CloudTrail trail: - ensures that activities from all regions (both used and unused) are monitored - ensures that activities on all supported global services are monitored - ensures that all management events across all regions are monitored;;https://docs.aws.amazon.com/awscloudtrail/latest/userguide/receive-cloudtrail-log-files-from-multiple-regions.html:https://docs.aws.amazon.com/awscloudtrail/latest/userguide/cloudwatch-alarms-for-cloudtrail.html:https://docs.aws.amazon.com/sns/latest/dg/SubscribeTopic.html;FAIL;No CloudWatch log groups found with metric filters or alarms associated.;arn:aws:logs:us-east-1:897154406216:log-group;897154406216;cloudwatch_changes_to_vpcs_alarm_configured;False;CIS;CIS Amazon Web Services Foundations Benchmark v5.0.0
aws;The CIS Amazon Web Services Foundations Benchmark provides prescriptive guidance for configuring security options for a subset of Amazon Web Services with an emphasis on foundational, testable, and architecture agnostic settings.;897154406216;us-east-1;2026-06-23 00:27:16.288386;4.9;Ensure AWS Config configuration changes are monitored;4 Monitoring;;Level 2;Manual;Real-time monitoring of API calls can be achieved by directing CloudTrail Logs to CloudWatch Logs or an external Security Information and Event Management (SIEM) environment, and establishing corresponding metric filters and alarms.  It is recommended that a metric filter and alarm be established for detecting changes to AWS Config's configurations.;CloudWatch is an AWS native service that allows you to observe and monitor resources and applications. CloudTrail logs can also be sent to an external Security Information and Event Management (SIEM) environment for monitoring and alerting. Monitoring changes to the AWS Config configuration will help ensure sustained visibility of the configuration items within the AWS account.;;If you are using CloudTrail trails and CloudWatch, perform the following steps to set up the metric filter, alarm, SNS topic, and subscription: 1. Create a metric filter based on the provided filter pattern that checks for AWS Configuration changes and uses the `<trail-log-group-name>` taken from audit step 1:  ```  aws logs put-metric-filter --log-group-name <trail-log-group-name> --filter-name <aws-config-changes-metric> --metric-transformations metricName=<aws-config-changes-metric>,metricNamespace='CISBenchmark',metricValue=1 --filter-pattern '{ ($.eventSource = config.amazonaws.com) && (($.eventName=StopConfigurationRecorder)||($.eventName=DeleteDeliveryChannel)||($.eventName=PutDeliveryChannel)||($.eventName=PutConfigurationRecorder)) }'  ```  **Note**: You can choose your own `metricName` and `metricNamespace` strings. Using the same `metricNamespace` for all Foundations Benchmark metrics will group them together. 2. Create an SNS topic that the alarm will notify:  ```  aws sns create-topic --name <sns-topic-name>  ```  **Note**: You can execute this command once and then reuse the same topic for all monitoring alarms.  **Note**: Capture the `TopicArn` that is displayed when creating the SNS topic in step 2. 3. Create an SNS subscription for the topic created in step 2:  ```  aws sns subscribe --topic-arn <sns-topic-arn> --protocol <sns-protocol> --notification-endpoint <sns-subscription-endpoints>  ```  **Note**: You can execute this command once and then reuse the same subscription for all monitoring alarms. 4. Create an alarm that is associated with the CloudWatch Logs metric filter created in step 1 and the SNS topic created in step 2:  ```  aws cloudwatch put-metric-alarm --alarm-name <aws-config-changes-alarm> --metric-name <aws-config-changes-metric> --statistic Sum --period 300 --threshold 1 --comparison-operator GreaterThanOrEqualToThreshold --evaluation-periods 1 --namespace 'CISBenchmark' --alarm-actions <sns-topic-arn>  ```;"If you are using CloudTrail trails and CloudWatch, perform the following to ensure that there is at least one active multi-region CloudTrail trail with the prescribed metric filters and alarms configured: 1. Identify the log group name that is configured for use with the active multi-region CloudTrail trail: - List all CloudTrail trails: `aws cloudtrail describe-trails` - Identify multi-region CloudTrail trails: `Trails with IsMultiRegionTrail set to true` - Note the value associated with Name:`<trail-name>` - Note the `<trail-log-group-name>` within the value associated with CloudWatchLogsLogGroupArn  - Example: `arn:aws:logs:<region>:<account-id>:log-group:<trail-log-group-name>:*` - Ensure the identified multi-region CloudTrail trail is active:  - `aws cloudtrail get-trail-status --name <trail-name>`  - Ensure `IsLogging` is set to `TRUE` - Ensure the identified multi-region CloudTrail trail captures all management events:  - `aws cloudtrail get-event-selectors --trail-name <trail-name>`  - Ensure there is at least one `event selector` for a trail with `IncludeManagementEvents` set to `true` and `ReadWriteType` set to `All` 2. Get a list of all associated metric filters for the `<trail-log-group-name>` captured in step 1:  ```  aws logs describe-metric-filters --log-group-name <trail-log-group-name>  ``` 3. Ensure the output from the above command contains the following:  ```  filterPattern: { ($.eventSource = config.amazonaws.com) && (($.eventName=StopConfigurationRecorder)||($.eventName=DeleteDeliveryChannel)||($.eventName=PutDeliveryChannel)||($.eventName=PutConfigurationRecorder)) }  ``` 4. Note the `<aws-config-changes-metric>` value associated with the `filterPattern` from step 3. 5. Get a list of CloudWatch alarms, and filter on the `<aws-config-changes-metric>` captured in step 4:  ```  aws cloudwatch describe-alarms --query 'MetricAlarms[?MetricName==<aws-config-changes-metric>]'  ``` 6. Note the `AlarmActions` value; this will provide the SNS topic ARN value. 7. Ensure there is at least one active subscriber to the SNS topic:  ```  aws sns list-subscriptions-by-topic --topic-arn <sns-topic-arn>   ``` - At least one subscription should have SubscriptionArn with a valid AWS ARN.  - Example of valid SubscriptionArn: `arn:aws:sns:<region>:<account-id>:<sns-topic-name>:<subscription-id>`";Configuring a log metric filter and alarm on a multi-region (global) CloudTrail trail: - ensures that activities from all regions (both used and unused) are monitored - ensures that activities on all supported global services are monitored - ensures that all management events across all regions are monitored;;https://docs.aws.amazon.com/awscloudtrail/latest/userguide/cloudwatch-alarms-for-cloudtrail.html:https://docs.aws.amazon.com/awscloudtrail/latest/userguide/receive-cloudtrail-log-files-from-multiple-regions.html:https://docs.aws.amazon.com/sns/latest/dg/SubscribeTopic.html;FAIL;No CloudWatch log groups found with metric filters or alarms associated.;arn:aws:logs:us-east-1:897154406216:log-group;897154406216;cloudwatch_log_metric_filter_and_alarm_for_aws_config_configuration_changes_enabled;False;CIS;CIS Amazon Web Services Foundations Benchmark v5.0.0
aws;The CIS Amazon Web Services Foundations Benchmark provides prescriptive guidance for configuring security options for a subset of Amazon Web Services with an emphasis on foundational, testable, and architecture agnostic settings.;897154406216;us-east-1;2026-06-23 00:27:16.288386;4.5;Ensure CloudTrail configuration changes are monitored;4 Monitoring;;Level 1;Manual;Real-time monitoring of API calls can be achieved by directing CloudTrail Logs to CloudWatch Logs or an external Security Information and Event Management (SIEM) environment, and establishing corresponding metric filters and alarms.  It is recommended that a metric filter and alarm be used to detect changes to CloudTrail's configurations.;CloudWatch is an AWS native service that allows you to observe and monitor resources and applications. CloudTrail logs can also be sent to an external Security Information and Event Management (SIEM) environment for monitoring and alerting. Monitoring changes to CloudTrail's configuration will help ensure sustained visibility into the activities performed in the AWS account.;"Ensuring that changes to CloudTrail configurations are monitored enhances security by maintaining the integrity of logging mechanisms. Automated monitoring can provide real-time alerts; however, it may require additional setup and resources to configure and manage these alerts effectively. These steps can be performed manually within a company's existing SIEM platform in cases where CloudTrail logs are monitored outside of the AWS monitoring tools in CloudWatch.";If you are using CloudTrail trails and CloudWatch, perform the following steps to set up the metric filter, alarm, SNS topic, and subscription: 1. Create a metric filter based on the provided filter pattern that checks for CloudTrail configuration changes and the `<trail-log-group-name>` taken from audit step 1:  ```  aws logs put-metric-filter --log-group-name <trail-log-group-name> --filter-name <cloudtrail-cfg-changes-metric> --metric-transformations metricName=<cloudtrail-cfg-changes-metric>,metricNamespace='CISBenchmark',metricValue=1 --filter-pattern '{ ($.eventName = CreateTrail) || ($.eventName = UpdateTrail) || ($.eventName = DeleteTrail) || ($.eventName = StartLogging) || ($.eventName = StopLogging) }'  ```  **Note**: You can choose your own `metricName` and `metricNamespace` strings. Using the same `metricNamespace` for all Foundations Benchmark metrics will group them together. 2. Create an SNS topic that the alarm will notify:  ```  aws sns create-topic --name <sns-topic-name>  ```  **Note**: You can execute this command once and then reuse the same topic for all monitoring alarms.  **Note**: Capture the `TopicArn` that is displayed when creating the SNS topic in step 2. 3. Create an SNS subscription for the topic created in step 2:  ```  aws sns subscribe --topic-arn <sns-topic-arn> --protocol <sns-protocol> --notification-endpoint <sns-subscription-endpoints>  ```  **Note**: You can execute this command once and then reuse the same subscription for all monitoring alarms. 4. Create an alarm that is associated with the CloudWatch Logs metric filter created in step 1 and the SNS topic created in step 2:  ```  aws cloudwatch put-metric-alarm --alarm-name <cloudtrail-cfg-changes-alarm> --metric-name <cloudtrail-cfg-changes-metric> --statistic Sum --period 300 --threshold 1 --comparison-operator GreaterThanOrEqualToThreshold --evaluation-periods 1 --namespace 'CISBenchmark' --alarm-actions <sns-topic-arn>  ```;"If you are using CloudTrail trails and CloudWatch, perform the following to ensure that there is at least one active multi-region CloudTrail trail with the prescribed metric filters and alarms configured: 1. Identify the log group name that is configured for use with the active multi-region CloudTrail trail: - List all CloudTrail trails: `aws cloudtrail describe-trails` - Identify multi-region CloudTrail trails: `Trails with IsMultiRegionTrail set to true` - Note the value associated with Name:`<trail-name>` - Note the `<trail-log-group-name>` within the value associated with CloudWatchLogsLogGroupArn  - Example: `arn:aws:logs:<region>:<account-id>:log-group:<trail-log-group-name>:*` - Ensure the identified multi-region CloudTrail trail is active:  - `aws cloudtrail get-trail-status --name <trail-name>`  - Ensure `IsLogging` is set to `TRUE` - Ensure the identified multi-region CloudTrail trail captures all management events:  - `aws cloudtrail get-event-selectors --trail-name <trail-name>`  - Ensure there is at least one `event selector` for a trail with `IncludeManagementEvents` set to `true` and `ReadWriteType` set to `All` 2. Get a list of all associated metric filters for the `<trail-log-group-name>` captured in step 1:  ```  aws logs describe-metric-filters --log-group-name <trail-log-group-name>  ``` 3. Ensure the output from the above command contains the following:  ```  filterPattern: { ($.eventName = CreateTrail) || ($.eventName = UpdateTrail) || ($.eventName = DeleteTrail) || ($.eventName = StartLogging) || ($.eventName = StopLogging) }  ``` 4. Note the `<cloudtrail-cfg-changes-metric>` value associated with the `filterPattern` from step 3. 5. Get a list of CloudWatch alarms, and filter on the `<cloudtrail-cfg-changes-metric>` captured in step 4:  ```  aws cloudwatch describe-alarms --query 'MetricAlarms[?MetricName==<cloudtrail-cfg-changes-metric>]'  ``` 6. Note the `AlarmActions` value; this will provide the SNS topic ARN value. 7. Ensure there is at least one active subscriber to the SNS topic:  ```  aws sns list-subscriptions-by-topic --topic-arn <sns-topic-arn>   ``` - At least one subscription should have SubscriptionArn with a valid AWS ARN.  - Example of valid SubscriptionArn: `arn:aws:sns:<region>:<account-id>:<sns-topic-name>:<subscription-id>`";Configuring a log metric filter and alarm on a multi-region (global) CloudTrail trail: - ensures that activities from all regions (both used and unused) are monitored - ensures that activities on all supported global services are monitored - ensures that all management events across all regions are monitored;;https://docs.aws.amazon.com/awscloudtrail/latest/userguide/receive-cloudtrail-log-files-from-multiple-regions.html:https://docs.aws.amazon.com/awscloudtrail/latest/userguide/cloudwatch-alarms-for-cloudtrail.html:https://docs.aws.amazon.com/sns/latest/dg/SubscribeTopic.html;FAIL;No CloudWatch log groups found with metric filters or alarms associated.;arn:aws:logs:us-east-1:897154406216:log-group;897154406216;cloudwatch_log_metric_filter_and_alarm_for_cloudtrail_configuration_changes_enabled;False;CIS;CIS Amazon Web Services Foundations Benchmark v5.0.0
aws;The CIS Amazon Web Services Foundations Benchmark provides prescriptive guidance for configuring security options for a subset of Amazon Web Services with an emphasis on foundational, testable, and architecture agnostic settings.;897154406216;us-east-1;2026-06-23 00:27:16.288386;4.6;Ensure AWS Management Console authentication failures are monitored;4 Monitoring;;Level 2;Manual;Real-time monitoring of API calls can be achieved by directing CloudTrail Logs to CloudWatch Logs or an external Security Information and Event Management (SIEM) environment, and establishing corresponding metric filters and alarms.  It is recommended that a metric filter and alarm be established for failed console authentication attempts.;CloudWatch is an AWS native service that allows you to observe and monitor resources and applications. CloudTrail logs can also be sent to an external Security Information and Event Management (SIEM) environment for monitoring and alerting. Monitoring failed console logins may decrease the lead time to detect an attempt to brute-force a credential, which may provide an indicator, such as the source IP address, that can be used in other event correlations.;Monitoring for these failures may generate a large number of alerts, especially in larger environments.;If you are using CloudTrail trails and CloudWatch, perform the following steps to set up the metric filter, alarm, SNS topic, and subscription: 1. Create a metric filter based on the provided filter pattern that checks for AWS management Console login failures and uses the `<trail-log-group-name>` taken from audit step 1:  ```  aws logs put-metric-filter --log-group-name <trail-log-group-name> --filter-name <console-signin-failure-metric> --metric-transformations metricName=<console-signin-failure-metric>,metricNamespace='CISBenchmark',metricValue=1 --filter-pattern '{ ($.eventName = ConsoleLogin) && ($.errorMessage = Failed authentication) }'  ```  **Note**: You can choose your own `metricName` and `metricNamespace` strings. Using the same `metricNamespace` for all Foundations Benchmark metrics will group them together. 2. Create an SNS topic that the alarm will notify:  ```  aws sns create-topic --name <sns-topic-name>  ```  **Note**: You can execute this command once and then reuse the same topic for all monitoring alarms.  **Note**: Capture the `TopicArn` that is displayed when creating the SNS topic in step 2. 3. Create an SNS subscription for the topic created in step 2:  ```  aws sns subscribe --topic-arn <sns-topic-arn> --protocol <sns-protocol> --notification-endpoint <sns-subscription-endpoints>  ```  **Note**: You can execute this command once and then reuse the same subscription for all monitoring alarms. 4. Create an alarm that is associated with the CloudWatch Logs metric filter created in step 1 and the SNS topic created in step 2:  ```  aws cloudwatch put-metric-alarm --alarm-name <console-signin-failure-alarm> --metric-name <console-signin-failure-metric> --statistic Sum --period 300 --threshold 1 --comparison-operator GreaterThanOrEqualToThreshold --evaluation-periods 1 --namespace 'CISBenchmark' --alarm-actions <sns-topic-arn>  ```;"If you are using CloudTrail trails and CloudWatch, perform the following to ensure that there is at least one active multi-region CloudTrail trail with the prescribed metric filters and alarms configured: 1. Identify the log group name that is configured for use with the active multi-region CloudTrail trail: - List all CloudTrail trails: `aws cloudtrail describe-trails` - Identify multi-region CloudTrail trails: `Trails with IsMultiRegionTrail set to true` - Note the value associated with Name:`<trail-name>` - Note the `<trail-log-group-name>` within the value associated with CloudWatchLogsLogGroupArn  - Example: `arn:aws:logs:<region>:<account-id>:log-group:<trail-log-group-name>:*` - Ensure the identified multi-region CloudTrail trail is active:  - `aws cloudtrail get-trail-status --name <trail-name>`  - Ensure `IsLogging` is set to `TRUE` - Ensure the identified multi-region CloudTrail trail captures all management events:  - `aws cloudtrail get-event-selectors --trail-name <trail-name>`  - Ensure there is at least one `event selector` for a trail with `IncludeManagementEvents` set to `true` and `ReadWriteType` set to `All` 2. Get a list of all associated metric filters for the `<trail-log-group-name>` captured in step 1:  ```  aws logs describe-metric-filters --log-group-name <trail-log-group-name>  ``` 3. Ensure the output from the above command contains the following:  ```  filterPattern: { ($.eventName = ConsoleLogin) && ($.errorMessage = Failed authentication) }  ``` 4. Note the `<console-signin-failure-metric>` value associated with the `filterPattern` from step 3. 5. Get a list of CloudWatch alarms, and filter on the `<console-signin-failure-metric>` captured in step 4:  ```  aws cloudwatch describe-alarms --query 'MetricAlarms[?MetricName==<console-signin-failure-metric>]'  ``` 6. Note the `AlarmActions` value; this will provide the SNS topic ARN value. 7. Ensure there is at least one active subscriber to the SNS topic:  ```  aws sns list-subscriptions-by-topic --topic-arn <sns-topic-arn>   ``` - At least one subscription should have SubscriptionArn with a valid AWS ARN.  - Example of valid SubscriptionArn: `arn:aws:sns:<region>:<account-id>:<sns-topic-name>:<subscription-id>`";Configuring a log metric filter and alarm on a multi-region (global) CloudTrail trail: - ensures that activities from all regions (both used and unused) are monitored - ensures that activities on all supported global services are monitored - ensures that all management events across all regions are monitored;;https://docs.aws.amazon.com/awscloudtrail/latest/userguide/receive-cloudtrail-log-files-from-multiple-regions.html:https://docs.aws.amazon.com/awscloudtrail/latest/userguide/cloudwatch-alarms-for-cloudtrail.html:https://docs.aws.amazon.com/sns/latest/dg/SubscribeTopic.html;FAIL;No CloudWatch log groups found with metric filters or alarms associated.;arn:aws:logs:us-east-1:897154406216:log-group;897154406216;cloudwatch_log_metric_filter_authentication_failures;False;CIS;CIS Amazon Web Services Foundations Benchmark v5.0.0
aws;The CIS Amazon Web Services Foundations Benchmark provides prescriptive guidance for configuring security options for a subset of Amazon Web Services with an emphasis on foundational, testable, and architecture agnostic settings.;897154406216;us-east-1;2026-06-23 00:27:16.288386;4.15;Ensure AWS Organizations changes are monitored;4 Monitoring;;Level 1;Manual;Real-time monitoring of API calls can be achieved by directing CloudTrail Logs to CloudWatch Logs or an external Security Information and Event Management (SIEM) environment, and establishing corresponding metric filters and alarms.  It is recommended that a metric filter and alarm be established for changes made to AWS Organizations in the master AWS account.;CloudWatch is an AWS native service that allows you to observe and monitor resources and applications. CloudTrail logs can also be sent to an external Security Information and Event Management (SIEM) environment for monitoring and alerting. Monitoring AWS Organizations changes can help you prevent unwanted, accidental, or intentional modifications that may lead to unauthorized access or other security breaches. This monitoring technique helps ensure that any unexpected changes made within your AWS Organizations can be investigated and that any unwanted changes can be rolled back.;;If you are using CloudTrail trails and CloudWatch, perform the following steps to set up the metric filter, alarm, SNS topic, and subscription: 1. Create a metric filter based on the provided filter pattern that checks for AWS Organizations changes and uses the `<trail-log-group-name>` taken from audit step 1:  ```  aws logs put-metric-filter --log-group-name <trail-log-group-name> --filter-name <organizations-changes> --metric-transformations metricName=<organizations-changes>,metricNamespace='CISBenchmark',metricValue=1 --filter-pattern '{ ($.eventSource = organizations.amazonaws.com) && (($.eventName = AcceptHandshake) || ($.eventName = AttachPolicy) || ($.eventName = CreateAccount) || ($.eventName = CreateOrganizationalUnit) || ($.eventName = CreatePolicy) || ($.eventName = DeclineHandshake) || ($.eventName = DeleteOrganization) || ($.eventName = DeleteOrganizationalUnit) || ($.eventName = DeletePolicy) || ($.eventName = DetachPolicy) || ($.eventName = DisablePolicyType) || ($.eventName = EnablePolicyType) || ($.eventName = InviteAccountToOrganization) || ($.eventName = LeaveOrganization) || ($.eventName = MoveAccount) || ($.eventName = RemoveAccountFromOrganization) || ($.eventName = UpdatePolicy) || ($.eventName = UpdateOrganizationalUnit)) }'  ```  **Note**: You can choose your own `metricName` and `metricNamespace` strings. Using the same `metricNamespace` for all Foundations Benchmark metrics will group them together. 2. Create an SNS topic that the alarm will notify:  ```  aws sns create-topic --name <sns-topic-name>  ```  **Note**: You can execute this command once and then reuse the same topic for all monitoring alarms.  **Note**: Capture the `TopicArn` that is displayed when creating the SNS topic in step 2. 3. Create an SNS subscription for the topic created in step 2:  ```  aws sns subscribe --topic-arn <sns-topic-arn> --protocol <sns-protocol> --notification-endpoint <sns-subscription-endpoints>  ```  **Note**: You can execute this command once and then reuse the same subscription for all monitoring alarms. 4. Create an alarm that is associated with the CloudWatch Logs metric filter created in step 1 and the SNS topic created in step 2:  ```  aws cloudwatch put-metric-alarm --alarm-name <organizations-changes> --metric-name <organizations-changes> --statistic Sum --period 300 --threshold 1 --comparison-operator GreaterThanOrEqualToThreshold --evaluation-periods 1 --namespace 'CISBenchmark' --alarm-actions <sns-topic-arn>  ```;"If you are using CloudTrail trails and CloudWatch, perform the following to ensure that there is at least one active multi-region CloudTrail trail with the prescribed metric filters and alarms configured: 1. Identify the log group name that is configured for use with the active multi-region CloudTrail trail: - List all CloudTrail trails: `aws cloudtrail describe-trails` - Identify multi-region CloudTrail trails: `Trails with IsMultiRegionTrail set to true` - Note the value associated with Name:`<trail-name>` - Note the `<trail-log-group-name>` within the value associated with CloudWatchLogsLogGroupArn  - Example: `arn:aws:logs:<region>:<account-id>:log-group:<trail-log-group-name>:*` - Ensure the identified multi-region CloudTrail trail is active:  - `aws cloudtrail get-trail-status --name <trail-name>`  - Ensure `IsLogging` is set to `TRUE` - Ensure the identified multi-region CloudTrail trail captures all management events:  - `aws cloudtrail get-event-selectors --trail-name <trail-name>`  - Ensure there is at least one `event selector` for a trail with `IncludeManagementEvents` set to `true` and `ReadWriteType` set to `All` 2. Get a list of all associated metric filters for the `<trail-log-group-name>` captured in step 1:  ```  aws logs describe-metric-filters --log-group-name <trail-log-group-name>  ``` 3. Ensure the output from the above command contains the following:  ```  filterPattern: { ($.eventSource = organizations.amazonaws.com) && (($.eventName = AcceptHandshake) || ($.eventName = AttachPolicy) || ($.eventName = CreateAccount) || ($.eventName = CreateOrganizationalUnit) || ($.eventName = CreatePolicy) || ($.eventName = DeclineHandshake) || ($.eventName = DeleteOrganization) || ($.eventName = DeleteOrganizationalUnit) || ($.eventName = DeletePolicy) || ($.eventName = DetachPolicy) || ($.eventName = DisablePolicyType) || ($.eventName = EnablePolicyType) || ($.eventName = InviteAccountToOrganization) || ($.eventName = LeaveOrganization) || ($.eventName = MoveAccount) || ($.eventName = RemoveAccountFromOrganization) || ($.eventName = UpdatePolicy) || ($.eventName = UpdateOrganizationalUnit)) }  ``` 4. Note the `<organizations-changes>` value associated with the `filterPattern` from step 3. 5. Get a list of CloudWatch alarms, and filter on the `<organizations-changes>` captured in step 4:  ```  aws cloudwatch describe-alarms --query 'MetricAlarms[?MetricName==<organizations-changes>]'  ``` 6. Note the `AlarmActions` value; this will provide the SNS topic ARN value. 7. Ensure there is at least one active subscriber to the SNS topic:  ```  aws sns list-subscriptions-by-topic --topic-arn <sns-topic-arn>   ``` - At least one subscription should have SubscriptionArn with a valid AWS ARN.  - Example of valid SubscriptionArn: `arn:aws:sns:<region>:<account-id>:<sns-topic-name>:<subscription-id>`";Configuring a log metric filter and alarm on a multi-region (global) CloudTrail trail: - ensures that activities from all regions (both used and unused) are monitored - ensures that activities on all supported global services are monitored - ensures that all management events across all regions are monitored;;https://docs.aws.amazon.com/awscloudtrail/latest/userguide/cloudwatch-alarms-for-cloudtrail.html:https://docs.aws.amazon.com/organizations/latest/userguide/orgs_security_incident-response.html;FAIL;No CloudWatch log groups found with metric filters or alarms associated.;arn:aws:logs:us-east-1:897154406216:log-group;897154406216;cloudwatch_log_metric_filter_aws_organizations_changes;False;CIS;CIS Amazon Web Services Foundations Benchmark v5.0.0
aws;The CIS Amazon Web Services Foundations Benchmark provides prescriptive guidance for configuring security options for a subset of Amazon Web Services with an emphasis on foundational, testable, and architecture agnostic settings.;897154406216;us-east-1;2026-06-23 00:27:16.288386;4.7;Ensure disabling or scheduled deletion of customer created CMKs is monitored;4 Monitoring;;Level 2;Manual;Real-time monitoring of API calls can be achieved by directing CloudTrail Logs to CloudWatch Logs or an external Security Information and Event Management (SIEM) environment, and establishing corresponding metric filters and alarms.  It is recommended that a metric filter and alarm be established for customer-created CMKs that have changed state to disabled or are scheduled for deletion.;CloudWatch is an AWS native service that allows you to observe and monitor resources and applications. CloudTrail logs can also be sent to an external Security Information and Event Management (SIEM) environment for monitoring and alerting. Data encrypted with disabled or deleted keys will no longer be accessible. Changes in the state of a CMK should be monitored to ensure that the change is intentional.;Creation, storage, and management of CMK may require additional labor compared to the use of AWS-managed keys.;If you are using CloudTrail trails and CloudWatch, perform the following steps to set up the metric filter, alarm, SNS topic, and subscription: 1. Create a metric filter based on the provided filter pattern that checks for CMKs that have been disabled or scheduled for deletion and uses the `<trail-log-group-name>` taken from audit step 1:  ```  aws logs put-metric-filter --log-group-name <trail-log-group-name> --filter-name <disable-or-delete-cmk-changes-metric> --metric-transformations metricName=<disable-or-delete-cmk-changes-metric>,metricNamespace='CISBenchmark',metricValue=1 --filter-pattern '{($.eventSource = kms.amazonaws.com) && (($.eventName=DisableKey)||($.eventName=ScheduleKeyDeletion)) }'  ```  **Note**: You can choose your own `metricName` and `metricNamespace` strings. Using the same `metricNamespace` for all Foundations Benchmark metrics will group them together. 2. Create an SNS topic that the alarm will notify:  ```  aws sns create-topic --name <sns-topic-name>  ```  **Note**: You can execute this command once and then reuse the same topic for all monitoring alarms.  **Note**: Capture the `TopicArn` that is displayed when creating the SNS topic in step 2. 3. Create an SNS subscription for the topic created in step 2:  ```  aws sns subscribe --topic-arn <sns-topic-arn> --protocol <sns-protocol> --notification-endpoint <sns-subscription-endpoints>  ```  **Note**: You can execute this command once and then reuse the same subscription for all monitoring alarms. 4. Create an alarm that is associated with the CloudWatch Logs metric filter created in step 1 and the SNS topic created in step 2:  ```  aws cloudwatch put-metric-alarm --alarm-name <disable-or-delete-cmk-changes-alarm> --metric-name <disable-or-delete-cmk-changes-metric> --statistic Sum --period 300 --threshold 1 --comparison-operator GreaterThanOrEqualToThreshold --evaluation-periods 1 --namespace 'CISBenchmark' --alarm-actions <sns-topic-arn>  ```;"If you are using CloudTrail trails and CloudWatch, perform the following to ensure that there is at least one active multi-region CloudTrail trail with the prescribed metric filters and alarms configured: 1. Identify the log group name that is configured for use with the active multi-region CloudTrail trail: - List all CloudTrail trails: `aws cloudtrail describe-trails` - Identify multi-region CloudTrail trails: `Trails with IsMultiRegionTrail set to true` - Note the value associated with Name:`<trail-name>` - Note the `<trail-log-group-name>` within the value associated with CloudWatchLogsLogGroupArn  - Example: `arn:aws:logs:<region>:<account-id>:log-group:<trail-log-group-name>:*` - Ensure the identified multi-region CloudTrail trail is active:  - `aws cloudtrail get-trail-status --name <trail-name>`  - Ensure `IsLogging` is set to `TRUE` - Ensure the identified multi-region CloudTrail trail captures all management events:  - `aws cloudtrail get-event-selectors --trail-name <trail-name>`  - Ensure there is at least one `event selector` for a trail with `IncludeManagementEvents` set to `true` and `ReadWriteType` set to `All` 2. Get a list of all associated metric filters for the `<trail-log-group-name>` captured in step 1:  ```  aws logs describe-metric-filters --log-group-name <trail-log-group-name>  ``` 3. Ensure the output from the above command contains the following:  ```  filterPattern: {($.eventSource = kms.amazonaws.com) && (($.eventName=DisableKey)||($.eventName=ScheduleKeyDeletion)) }  ``` 4. Note the `<disable-or-delete-cmk-changes-metric>` value associated with the `filterPattern` from step 3. 5. Get a list of CloudWatch alarms, and filter on the `<disable-or-delete-cmk-changes-metric>` captured in step 4:  ```  aws cloudwatch describe-alarms --query 'MetricAlarms[?MetricName==<disable-or-delete-cmk-changes-metric>]'  ``` 6. Note the `AlarmActions` value; this will provide the SNS topic ARN value. 7. Ensure there is at least one active subscriber to the SNS topic:  ```  aws sns list-subscriptions-by-topic --topic-arn <sns-topic-arn>   ``` - At least one subscription should have SubscriptionArn with a valid AWS ARN.  - Example of valid SubscriptionArn: `arn:aws:sns:<region>:<account-id>:<sns-topic-name>:<subscription-id>`";Configuring a log metric filter and alarm on a multi-region (global) CloudTrail trail: - ensures that activities from all regions (both used and unused) are monitored - ensures that activities on all supported global services are monitored - ensures that all management events across all regions are monitored;;https://docs.aws.amazon.com/awscloudtrail/latest/userguide/cloudwatch-alarms-for-cloudtrail.html:https://docs.aws.amazon.com/awscloudtrail/latest/userguide/receive-cloudtrail-log-files-from-multiple-regions.html:https://docs.aws.amazon.com/sns/latest/dg/SubscribeTopic.html;FAIL;No CloudWatch log groups found with metric filters or alarms associated.;arn:aws:logs:us-east-1:897154406216:log-group;897154406216;cloudwatch_log_metric_filter_disable_or_scheduled_deletion_of_kms_cmk;False;CIS;CIS Amazon Web Services Foundations Benchmark v5.0.0
aws;The CIS Amazon Web Services Foundations Benchmark provides prescriptive guidance for configuring security options for a subset of Amazon Web Services with an emphasis on foundational, testable, and architecture agnostic settings.;897154406216;us-east-1;2026-06-23 00:27:16.288386;4.8;Ensure S3 bucket policy changes are monitored;4 Monitoring;;Level 1;Manual;Real-time monitoring of API calls can be achieved by directing CloudTrail Logs to CloudWatch Logs or an external Security Information and Event Management (SIEM) environment, and establishing corresponding metric filters and alarms.  It is recommended that a metric filter and alarm be established for changes to S3 bucket policies.;CloudWatch is an AWS native service that allows you to observe and monitor resources and applications. CloudTrail logs can also be sent to an external Security Information and Event Management (SIEM) environment for monitoring and alerting. Monitoring changes to S3 bucket policies may reduce the time it takes to detect and correct permissive policies on sensitive S3 buckets.;;If you are using CloudTrail trails and CloudWatch, perform the following steps to set up the metric filter, alarm, SNS topic, and subscription: 1. Create a metric filter based on the provided filter pattern that checks for changes to S3 bucket policies and uses the `<trail-log-group-name>` taken from audit step 1:  ```  aws logs put-metric-filter --log-group-name <trail-log-group-name> --filter-name <s3-bucket-policy-changes-metric> --metric-transformations metricName=<s3-bucket-policy-changes-metric>,metricNamespace='CISBenchmark',metricValue=1 --filter-pattern '{ ($.eventSource = s3.amazonaws.com) && (($.eventName = PutBucketAcl) || ($.eventName = PutBucketPolicy) || ($.eventName = PutBucketCors) || ($.eventName = PutBucketLifecycle) || ($.eventName = PutBucketReplication) || ($.eventName = DeleteBucketPolicy) || ($.eventName = DeleteBucketCors) || ($.eventName = DeleteBucketLifecycle) || ($.eventName = DeleteBucketReplication)) }'  ```  **Note**: You can choose your own `metricName` and `metricNamespace` strings. Using the same `metricNamespace` for all Foundations Benchmark metrics will group them together. 2. Create an SNS topic that the alarm will notify:  ```  aws sns create-topic --name <sns-topic-name>  ```  **Note**: You can execute this command once and then reuse the same topic for all monitoring alarms.  **Note**: Capture the `TopicArn` that is displayed when creating the SNS topic in step 2. 3. Create an SNS subscription for the topic created in step 2:  ```  aws sns subscribe --topic-arn <sns-topic-arn> --protocol <sns-protocol> --notification-endpoint <sns-subscription-endpoints>  ```  **Note**: You can execute this command once and then reuse the same subscription for all monitoring alarms. 4. Create an alarm that is associated with the CloudWatch Logs metric filter created in step 1 and the SNS topic created in step 2:  ```  aws cloudwatch put-metric-alarm --alarm-name <s3-bucket-policy-changes-alarm> --metric-name <s3-bucket-policy-changes-metric> --statistic Sum --period 300 --threshold 1 --comparison-operator GreaterThanOrEqualToThreshold --evaluation-periods 1 --namespace 'CISBenchmark' --alarm-actions <sns-topic-arn>  ```;"If you are using CloudTrail trails and CloudWatch, perform the following to ensure that there is at least one active multi-region CloudTrail trail with the prescribed metric filters and alarms configured: 1. Identify the log group name that is configured for use with the active multi-region CloudTrail trail: - List all CloudTrail trails: `aws cloudtrail describe-trails` - Identify multi-region CloudTrail trails: `Trails with IsMultiRegionTrail set to true` - Note the value associated with Name:`<trail-name>` - Note the `<trail-log-group-name>` within the value associated with CloudWatchLogsLogGroupArn  - Example: `arn:aws:logs:<region>:<account-id>:log-group:<trail-log-group-name>:*` - Ensure the identified multi-region CloudTrail trail is active:  - `aws cloudtrail get-trail-status --name <trail-name>`  - Ensure `IsLogging` is set to `TRUE` - Ensure the identified multi-region CloudTrail trail captures all management events:  - `aws cloudtrail get-event-selectors --trail-name <trail-name>`  - Ensure there is at least one `event selector` for a trail with `IncludeManagementEvents` set to `true` and `ReadWriteType` set to `All` 2. Get a list of all associated metric filters for the `<trail-log-group-name>` captured in step 1:  ```  aws logs describe-metric-filters --log-group-name <trail-log-group-name>  ``` 3. Ensure the output from the above command contains the following:  ```  filterPattern: { ($.eventSource = s3.amazonaws.com) && (($.eventName = PutBucketAcl) || ($.eventName = PutBucketPolicy) || ($.eventName = PutBucketCors) || ($.eventName = PutBucketLifecycle) || ($.eventName = PutBucketReplication) || ($.eventName = DeleteBucketPolicy) || ($.eventName = DeleteBucketCors) || ($.eventName = DeleteBucketLifecycle) || ($.eventName = DeleteBucketReplication)) }  ``` 4. Note the `<s3-bucket-policy-changes-metric>` value associated with the `filterPattern` from step 3. 5. Get a list of CloudWatch alarms, and filter on the `<s3-bucket-policy-changes-metric>` captured in step 4:  ```  aws cloudwatch describe-alarms --query 'MetricAlarms[?MetricName==<s3-bucket-policy-changes-metric>]'  ``` 6. Note the `AlarmActions` value; this will provide the SNS topic ARN value. 7. Ensure there is at least one active subscriber to the SNS topic:  ```  aws sns list-subscriptions-by-topic --topic-arn <sns-topic-arn>   ``` - At least one subscription should have SubscriptionArn with a valid AWS ARN.  - Example of valid SubscriptionArn: `arn:aws:sns:<region>:<account-id>:<sns-topic-name>:<subscription-id>`";Configuring a log metric filter and alarm on a multi-region (global) CloudTrail trail: - ensures that activities from all regions (both used and unused) are monitored - ensures that activities on all supported global services are monitored - ensures that all management events across all regions are monitored;;https://docs.aws.amazon.com/awscloudtrail/latest/userguide/cloudwatch-alarms-for-cloudtrail.html:https://docs.aws.amazon.com/awscloudtrail/latest/userguide/receive-cloudtrail-log-files-from-multiple-regions.html:https://docs.aws.amazon.com/sns/latest/dg/SubscribeTopic.html;FAIL;No CloudWatch log groups found with metric filters or alarms associated.;arn:aws:logs:us-east-1:897154406216:log-group;897154406216;cloudwatch_log_metric_filter_for_s3_bucket_policy_changes;False;CIS;CIS Amazon Web Services Foundations Benchmark v5.0.0
aws;The CIS Amazon Web Services Foundations Benchmark provides prescriptive guidance for configuring security options for a subset of Amazon Web Services with an emphasis on foundational, testable, and architecture agnostic settings.;897154406216;us-east-1;2026-06-23 00:27:16.288386;4.4;Ensure IAM policy changes are monitored;4 Monitoring;;Level 1;Manual;Real-time monitoring of API calls can be achieved by directing CloudTrail Logs to CloudWatch Logs or an external Security Information and Event Management (SIEM) environment, and establishing corresponding metric filters and alarms. It is recommended that a metric filter and alarm be established for changes made to Identity and Access Management (IAM) policies.;CloudWatch is an AWS native service that allows you to observe and monitor resources and applications. CloudTrail logs can also be sent to an external Security Information and Event Management (SIEM) environment for monitoring and alerting. Monitoring changes to IAM policies will help ensure authentication and authorization controls remain intact.;Monitoring these changes may result in a number of false positives, especially in larger environments. This alert may require more tuning than others to eliminate some of those erroneous notifications.;If you are using CloudTrail trails and CloudWatch, perform the following steps to set up the metric filter, alarm, SNS topic, and subscription: 1. Create a metric filter based on the provided filter pattern that checks for IAM policy changes and the `<trail-log-group-name>` taken from audit step 1:  ```  aws logs put-metric-filter --log-group-name `<trail-log-group-name>` --filter-name `<iam-changes-metric>` --metric-transformations metricName= `<iam-changes-metric>`,metricNamespace='CISBenchmark',metricValue=1 --filter-pattern '{($.eventName=DeleteGroupPolicy)||($.eventName=DeleteRolePolicy)||($.eventName=DeleteUserPolicy)||($.eventName=PutGroupPolicy)||($.eventName=PutRolePolicy)||($.eventName=PutUserPolicy)||($.eventName=CreatePolicy)||($.eventName=DeletePolicy)||($.eventName=CreatePolicyVersion)||($.eventName=DeletePolicyVersion)||($.eventName=AttachRolePolicy)||($.eventName=DetachRolePolicy)||($.eventName=AttachUserPolicy)||($.eventName=DetachUserPolicy)||($.eventName=AttachGroupPolicy)||($.eventName=DetachGroupPolicy)}'  ```  **Note**: You can choose your own `metricName` and `metricNamespace` strings. Using the same `metricNamespace` for all Foundations Benchmark metrics will group them together. 2. Create an SNS topic that the alarm will notify:  ```  aws sns create-topic --name <sns-topic-name>  ```  **Note**: You can execute this command once and then reuse the same topic for all monitoring alarms.  **Note**: Capture the `TopicArn` that is displayed when creating the SNS topic in step 2. 3. Create an SNS subscription for the topic created in step 2:  ```  aws sns subscribe --topic-arn <sns-topic-arn> --protocol <sns-protocol> --notification-endpoint <sns-subscription-endpoints>  ```  **Note**: You can execute this command once and then reuse the same subscription for all monitoring alarms. 4. Create an alarm that is associated with the CloudWatch Logs metric filter created in step 1 and the SNS topic created in step 2:  ```  aws cloudwatch put-metric-alarm --alarm-name `<iam-changes-alarm>` --metric-name `<iam-changes-metric>` --statistic Sum --period 300 --threshold 1 --comparison-operator GreaterThanOrEqualToThreshold --evaluation-periods 1 --namespace 'CISBenchmark' --alarm-actions <sns-topic-arn>  ```;"If you are using CloudTrail trails and CloudWatch, perform the following to ensure that there is at least one active multi-region CloudTrail trail with the prescribed metric filters and alarms configured: 1. Identify the log group name that is configured for use with the active multi-region CloudTrail trail: - List all CloudTrails:  ```  aws cloudtrail describe-trails  ``` - Identify multi-region CloudTrail trails: `Trails with IsMultiRegionTrail set to true` - Note the value associated with Name:`<trail-name>` - Note the `<trail-log-group-name>` within the value associated with CloudWatchLogsLogGroupArn  - Example: `arn:aws:logs:<region>:<account-id>:log-group:<trail-log-group-name>:*` - Ensure the identified multi-region CloudTrail trail is active:  ```  aws cloudtrail get-trail-status --name <trail-name>  ```  - Ensure `IsLogging` is set to `TRUE` - Ensure the identified multi-region CloudTrail trail captures all management events:  ```  aws cloudtrail get-event-selectors --trail-name <trail-name>  ```  - Ensure there is at least one `event selector` for a trail with `IncludeManagementEvents` set to `true` and `ReadWriteType` set to `All` 2. Get a list of all associated metric filters for the `<trail-log-group-name>` captured in step 1:  ```  aws logs describe-metric-filters --log-group-name <trail-log-group-name>  ``` 3. Ensure the output from the above command contains the following:  ```  filterPattern: {($.eventName=DeleteGroupPolicy)||($.eventName=DeleteRolePolicy)||($.eventName=DeleteUserPolicy)||($.eventName=PutGroupPolicy)||($.eventName=PutRolePolicy)||($.eventName=PutUserPolicy)||($.eventName=CreatePolicy)||($.eventName=DeletePolicy)||($.eventName=CreatePolicyVersion)||($.eventName=DeletePolicyVersion)||($.eventName=AttachRolePolicy)||($.eventName=DetachRolePolicy)||($.eventName=AttachUserPolicy)||($.eventName=DetachUserPolicy)||($.eventName=AttachGroupPolicy)||($.eventName=DetachGroupPolicy)}  ``` 4. Note the `<iam-changes-metric>` value associated with the `filterPattern` from step 3. 5. Get a list of CloudWatch alarms, and filter on the `<iam-change-metric>` captured in step 4:  ```  aws cloudwatch describe-alarms --query 'MetricAlarms[?MetricName==<iam-changes-metric>]'  ``` 6. Note the `AlarmActions` value; this will provide the SNS topic ARN value. 7. Ensure there is at least one active subscriber to the SNS topic:  ```  aws sns list-subscriptions-by-topic --topic-arn <sns-topic-arn>   ``` - At least one subscription should have SubscriptionArn with a valid AWS ARN.  - Example of valid SubscriptionArn: `arn:aws:sns:<region>:<account-id>:<sns-topic-name>:<subscription-id>`";Configuring a log metric filter and alarm on a multi-region (global) CloudTrail trail: - ensures that activities from all regions (both used and unused) are monitored - ensures that activities on all supported global services are monitored - ensures that all management events across all regions are monitored;;https://docs.aws.amazon.com/awscloudtrail/latest/userguide/receive-cloudtrail-log-files-from-multiple-regions.html:https://docs.aws.amazon.com/awscloudtrail/latest/userguide/cloudwatch-alarms-for-cloudtrail.html:https://docs.aws.amazon.com/sns/latest/dg/SubscribeTopic.html;FAIL;No CloudWatch log groups found with metric filters or alarms associated.;arn:aws:logs:us-east-1:897154406216:log-group;897154406216;cloudwatch_log_metric_filter_policy_changes;False;CIS;CIS Amazon Web Services Foundations Benchmark v5.0.0
aws;The CIS Amazon Web Services Foundations Benchmark provides prescriptive guidance for configuring security options for a subset of Amazon Web Services with an emphasis on foundational, testable, and architecture agnostic settings.;897154406216;us-east-1;2026-06-23 00:27:16.288386;4.3;Ensure usage of the 'root' account is monitored;4 Monitoring;;Level 1;Manual;Real-time monitoring of API calls can be achieved by directing CloudTrail Logs to CloudWatch Logs or an external Security Information and Event Management (SIEM) environment, and establishing corresponding metric filters and alarms.  It is recommended that a metric filter and alarm be established for 'root' login attempts to detect unauthorized use or attempts to use the root account.;CloudWatch is an AWS native service that allows you to observe and monitor resources and applications. CloudTrail logs can also be sent to an external Security Information and Event Management (SIEM) environment for monitoring and alerting. Monitoring 'root' account logins will provide visibility into the use of a fully privileged account and the opportunity to reduce its usage.;;If you are using CloudTrail trails and CloudWatch, perform the following steps to set up the metric filter, alarm, SNS topic, and subscription: 1. Create a metric filter based on the provided filter pattern that checks for 'root' account usage and uses the `<trail-log-group-name>` taken from audit step 1:  ```  aws logs put-metric-filter --log-group-name `<trail-log-group-name>` --filter-name `<root-usage-metric>` --metric-transformations metricName= `<root-usage-metric>` ,metricNamespace='CISBenchmark',metricValue=1 --filter-pattern '{ $.userIdentity.type = Root && $.userIdentity.invokedBy NOT EXISTS && $.eventType != AwsServiceEvent }'  ```  **Note**: You can choose your own `metricName` and `metricNamespace` strings. Using the same `metricNamespace` for all Foundations Benchmark metrics will group them together. 2. Create an SNS topic that the alarm will notify:  ```  aws sns create-topic --name <sns-topic-name>  ```  **Note**: You can execute this command once and then reuse the same topic for all monitoring alarms.  **Note**: Capture the `TopicArn` that is displayed when creating the SNS topic in step 2. 3. Create an SNS subscription for the topic created in step 2:  ```  aws sns subscribe --topic-arn <sns-topic-arn> --protocol <sns-protocol> --notification-endpoint <sns-subscription-endpoints>  ```  **Note**: You can execute this command once and then reuse the same subscription for all monitoring alarms. 4. Create an alarm that is associated with the CloudWatch Logs metric filter created in step 1 and the SNS topic created in step 2:  ```  aws cloudwatch put-metric-alarm --alarm-name `<root-usage-alarm>` --metric-name `<root-usage-metric>` --statistic Sum --period 300 --threshold 1 --comparison-operator GreaterThanOrEqualToThreshold --evaluation-periods 1 --namespace 'CISBenchmark' --alarm-actions <sns_topic_arn>  ```;"If you are using CloudTrail trails and CloudWatch, perform the following to ensure that there is at least one active multi-region CloudTrail trail with the prescribed metric filters and alarms configured: 1. Identify the log group name that is configured for use with the active multi-region CloudTrail trail: - List all CloudTrail trails:  ```  aws cloudtrail describe-trails  ``` - Identify multi-region CloudTrail trails: `Trails with IsMultiRegionTrail set to true` - Note the value associated with Name:`<trail-name>` - Note the `<trail-log-group-name>` within the value associated with CloudWatchLogsLogGroupArn  - Example: `arn:aws:logs:<region>:<account-id>:log-group:<trail-log-group-name>:*` - Ensure the identified multi-region CloudTrail trail is active:  ```  aws cloudtrail get-trail-status --name <trail-name>  ```  - Ensure `IsLogging` is set to `TRUE` - Ensure the identified multi-region CloudTrail trail captures all management events:  ```  aws cloudtrail get-event-selectors --trail-name <trail-name>  ```  - Ensure there is at least one `event selector` for a trail with `IncludeManagementEvents` set to `true` and `ReadWriteType` set to `All` 2. Get a list of all associated metric filters for the `<trail-log-group-name>` captured in step 1:  ```  aws logs describe-metric-filters --log-group-name <trail-log-group-name>  ``` 3. Ensure the output from the above command contains the following:  ```  filterPattern: { $.userIdentity.type = Root && $.userIdentity.invokedBy NOT EXISTS && $.eventType != AwsServiceEvent }  ``` 4. Note the `<root-usage-metric>` value associated with the `filterPattern` from step 3. 5. Get a list of CloudWatch alarms, and filter on the `<root-usage-metric>` captured in step 4:  ```  aws cloudwatch describe-alarms --query 'MetricAlarms[?MetricName==<root-usage-metric>]'  ``` 6. Note the `AlarmActions` value; this will provide the SNS topic ARN value. 7. Ensure there is at least one active subscriber to the SNS topic:  ```  aws sns list-subscriptions-by-topic --topic-arn <sns-topic-arn>   ``` - At least one subscription should have SubscriptionArn with a valid AWS ARN.  - Example of valid SubscriptionArn: `arn:aws:sns:<region>:<account-id>:<sns-topic-name>:<subscription-id>`";Configuring a log metric filter and alarm on a multi-region (global) CloudTrail trail: - ensures that activities from all regions (both used and unused) are monitored - ensures that activities on all supported global services are monitored - ensures that all management events across all regions are monitored;;https://docs.aws.amazon.com/awscloudtrail/latest/userguide/receive-cloudtrail-log-files-from-multiple-regions.html:https://docs.aws.amazon.com/awscloudtrail/latest/userguide/cloudwatch-alarms-for-cloudtrail.html:https://docs.aws.amazon.com/sns/latest/dg/SubscribeTopic.html;FAIL;No CloudWatch log groups found with metric filters or alarms associated.;arn:aws:logs:us-east-1:897154406216:log-group;897154406216;cloudwatch_log_metric_filter_root_usage;False;CIS;CIS Amazon Web Services Foundations Benchmark v5.0.0
aws;The CIS Amazon Web Services Foundations Benchmark provides prescriptive guidance for configuring security options for a subset of Amazon Web Services with an emphasis on foundational, testable, and architecture agnostic settings.;897154406216;us-east-1;2026-06-23 00:27:16.288386;4.10;Ensure security group changes are monitored;4 Monitoring;;Level 2;Manual;Real-time monitoring of API calls can be achieved by directing CloudTrail Logs to CloudWatch Logs or an external Security Information and Event Management (SIEM) environment, and establishing corresponding metric filters and alarms.  Security groups are stateful packet filters that control ingress and egress traffic within a VPC. It is recommended that a metric filter and alarm be established to detect changes to security groups.;CloudWatch is an AWS native service that allows you to observe and monitor resources and applications. CloudTrail logs can also be sent to an external Security Information and Event Management (SIEM) environment for monitoring and alerting. Monitoring changes to security groups will help ensure that resources and services are not unintentionally exposed.;This may require additional 'tuning' to eliminate false positives and filter out expected activity so that anomalies are easier to detect.;If you are using CloudTrail trails and CloudWatch, perform the following steps to set up the metric filter, alarm, SNS topic, and subscription: 1. Create a metric filter based on the provided filter pattern that checks for security groups changes and uses the `<trail-log-group-name>` taken from audit step 1:  ```  aws logs put-metric-filter --log-group-name <trail-log-group-name> --filter-name <security-group-changes-metric> --metric-transformations metricName=<security-group-changes-metric>,metricNamespace=CISBenchmark,metricValue=1 --filter-pattern { ($.eventName = AuthorizeSecurityGroupIngress) || ($.eventName = AuthorizeSecurityGroupEgress) || ($.eventName = RevokeSecurityGroupIngress) || ($.eventName = RevokeSecurityGroupEgress) || ($.eventName = CreateSecurityGroup) || ($.eventName = DeleteSecurityGroup) || ($.eventName = ModifySecurityGroupRules) }  ```  **Note**: You can choose your own `metricName` and `metricNamespace` strings. Using the same `metricNamespace` for all Foundations Benchmark metrics will group them together. 2. Create an SNS topic that the alarm will notify:  ```  aws sns create-topic --name <sns-topic-name>  ```  **Note**: You can execute this command once and then reuse the same topic for all monitoring alarms.  **Note**: Capture the `TopicArn` that is displayed when creating the SNS topic in step 2. 3. Create an SNS subscription for the topic created in step 2:  ```  aws sns subscribe --topic-arn <sns-topic-arn> --protocol <sns-protocol> --notification-endpoint <sns-subscription-endpoints>  ```  **Note**: You can execute this command once and then reuse the same subscription for all monitoring alarms. 4. Create an alarm that is associated with the CloudWatch Logs metric filter created in step 1 and the SNS topic created in step 2:  ```  aws cloudwatch put-metric-alarm --alarm-name <security-group-changes-alarm> --metric-name <security-group-changes-metric> --statistic Sum --period 300 --threshold 1 --comparison-operator GreaterThanOrEqualToThreshold --evaluation-periods 1 --namespace CISBenchmark --alarm-actions <sns-topic-arn>  ```;"If you are using CloudTrail trails and CloudWatch, perform the following to ensure that there is at least one active multi-region CloudTrail trail with the prescribed metric filters and alarms configured: 1. Identify the log group name that is configured for use with the active multi-region CloudTrail trail: - List all CloudTrail trails: `aws cloudtrail describe-trails` - Identify multi-region CloudTrail trails: `Trails with IsMultiRegionTrail set to true` - Note the value associated with Name:`<trail-name>` - Note the `<trail-log-group-name>` within the value associated with CloudWatchLogsLogGroupArn  - Example: `arn:aws:logs:<region>:<account-id>:log-group:<trail-log-group-name>:*` - Ensure the identified multi-region CloudTrail trail is active:  - `aws cloudtrail get-trail-status --name <trail-name>`  - Ensure `IsLogging` is set to `TRUE` - Ensure the identified multi-region CloudTrail trail captures all management events:  - `aws cloudtrail get-event-selectors --trail-name <trail-name>`  - Ensure there is at least one `event selector` for a trail with `IncludeManagementEvents` set to `true` and `ReadWriteType` set to `All` 2. Get a list of all associated metric filters for the `<trail-log-group-name>` captured in step 1:  ```  aws logs describe-metric-filters --log-group-name <trail-log-group-name>  ``` 3. Ensure the output from the above command contains the following:  ```  filterPattern: { ($.eventName = AuthorizeSecurityGroupIngress) || ($.eventName = AuthorizeSecurityGroupEgress) || ($.eventName = RevokeSecurityGroupIngress) || ($.eventName = RevokeSecurityGroupEgress) || ($.eventName = CreateSecurityGroup) || ($.eventName = DeleteSecurityGroup) || ($.eventName = ModifySecurityGroupRules) }  ``` 4. Note the `<security-group-changes-metric>` value associated with the `filterPattern` from step 3. 5. Get a list of CloudWatch alarms, and filter on the `<security-group-changes-metric>` captured in step 4:  ```  aws cloudwatch describe-alarms --query MetricAlarms[?MetricName==<security-group-changes-metric>]  ``` 6. Note the `AlarmActions` value; this will provide the SNS topic ARN value. 7. Ensure there is at least one active subscriber to the SNS topic:  ```  aws sns list-subscriptions-by-topic --topic-arn <sns-topic-arn>   ``` - At least one subscription should have SubscriptionArn with a valid AWS ARN.  - Example of valid SubscriptionArn: `arn:aws:sns:<region>:<account-id>:<sns-topic-name>:<subscription-id>`";Configuring a log metric filter and alarm on a multi-region (global) CloudTrail trail: - ensures that activities from all regions (both used and unused) are monitored - ensures that activities on all supported global services are monitored - ensures that all management events across all regions are monitored AWS has recently introduced a new API, ModifySecurityGroupRules, which modifies the rules of a security group.;;https://docs.aws.amazon.com/awscloudtrail/latest/userguide/receive-cloudtrail-log-files-from-multiple-regions.html:https://docs.aws.amazon.com/awscloudtrail/latest/userguide/cloudwatch-alarms-for-cloudtrail.html:https://docs.aws.amazon.com/sns/latest/dg/SubscribeTopic.html:https://docs.aws.amazon.com/AWSEC2/latest/APIReference/API_ModifySecurityGroupRules.html;FAIL;No CloudWatch log groups found with metric filters or alarms associated.;arn:aws:logs:us-east-1:897154406216:log-group;897154406216;cloudwatch_log_metric_filter_security_group_changes;False;CIS;CIS Amazon Web Services Foundations Benchmark v5.0.0
aws;The CIS Amazon Web Services Foundations Benchmark provides prescriptive guidance for configuring security options for a subset of Amazon Web Services with an emphasis on foundational, testable, and architecture agnostic settings.;897154406216;us-east-1;2026-06-23 00:27:16.288386;4.2;Ensure management console sign-in without MFA is monitored;4 Monitoring;;Level 1;Manual;Real-time monitoring of API calls can be achieved by directing CloudTrail Logs to CloudWatch Logs or an external Security Information and Event Management (SIEM) environment, and establishing corresponding metric filters and alarms.  It is recommended that a metric filter and alarm be established for console logins that are not protected by multi-factor authentication (MFA).;CloudWatch is an AWS native service that allows you to observe and monitor resources and applications. CloudTrail logs can also be sent to an external Security Information and Event Management (SIEM) environment for monitoring and alerting. Monitoring for single-factor console logins will increase visibility into accounts that are not protected by MFA. These type of accounts are more susceptible to compromise and unauthorized access.;;If you are using CloudTrail trails and CloudWatch, perform the following steps to set up the metric filter, alarm, SNS topic, and subscription: 1. Create a metric filter based on the provided filter pattern that checks for AWS Management Console sign-ins without MFA and uses the `<trail-log-group-name>` taken from audit step 1.  ```  aws logs put-metric-filter --log-group-name <trail-log-group-name> --filter-name `<no-mfa-console-signin-metric>` --metric-transformations metricName= `<no-mfa-console-signin-metric>`,metricNamespace='CISBenchmark',metricValue=1 --filter-pattern '{ ($.eventName = ConsoleLogin) && ($.additionalEventData.MFAUsed != Yes) }'  ```  Or, to reduce false positives in case Single Sign-On (SSO) is used in the organization:  ```  aws logs put-metric-filter --log-group-name <trail-log-group-name> --filter-name `<no-mfa-console-signin-metric>` --metric-transformations metricName= `<no-mfa-console-signin-metric>`,metricNamespace='CISBenchmark',metricValue=1 --filter-pattern '{ ($.eventName = ConsoleLogin) && ($.additionalEventData.MFAUsed != Yes) && ($.userIdentity.type = IAMUser) && ($.responseElements.ConsoleLogin = Success) }'  ```  **Note**: You can choose your own `metricName` and `metricNamespace` strings. Using the same `metricNamespace` for all Foundations Benchmark metrics will group them together. 2. Create an SNS topic that the alarm will notify:  ```  aws sns create-topic --name <sns-topic-name>  ```  **Note**: You can execute this command once and then reuse the same topic for all monitoring alarms.  **Note**: Capture the `TopicArn` that is displayed when creating the SNS topic in step 2. 3. Create an SNS subscription for the topic created in step 2:  ```  aws sns subscribe --topic-arn <sns-topic-arn> --protocol <sns-protocol> --notification-endpoint <sns-subscription-endpoints>  ```  **Note**: You can execute this command once and then reuse the same subscription for all monitoring alarms. 4. Create an alarm that is associated with the CloudWatch Logs metric filter created in step 1 and the SNS topic created in step 2:  ```  aws cloudwatch put-metric-alarm --alarm-name `<no-mfa-console-signin-alarm>` --metric-name `<no-mfa-console-signin-metric>` --statistic Sum --period 300 --threshold 1 --comparison-operator GreaterThanOrEqualToThreshold --evaluation-periods 1 --namespace 'CISBenchmark' --alarm-actions <sns-topic-arn>  ```;"If you are using CloudTrail trails and CloudWatch, perform the following to ensure that there is at least one active multi-region CloudTrail trail with the prescribed metric filters and alarms configured: 1. Identify the log group name that is configured for use with the active multi-region CloudTrail trail: - List all CloudTrail trails:  ```  aws cloudtrail describe-trails  ``` - Identify multi-region CloudTrail trails: `Trails with IsMultiRegionTrail set to true` - Note the value associated with Name:`<trail-name>` - Note the `<trail-log-group-name>` within the value associated with CloudWatchLogsLogGroupArn  - Example: `arn:aws:logs:<region>:<account-id>:log-group:<trail-log-group-name>:*` - Ensure the identified multi-region CloudTrail trail is active:  ```  aws cloudtrail get-trail-status --name <trail-name>  ```  - ensure `IsLogging` is set to `TRUE` - Ensure the identified multi-region CloudTrail trail captures all management events:  ```  aws cloudtrail get-event-selectors --trail-name <trail-name>  ```  - Ensure there is at least one `event selector` for a trail with `IncludeManagementEvents` set to `true` and `ReadWriteType` set to `All` 2. Get a list of all associated metric filters for the `<trail-log-group-name>` captured in step 1:  ```  aws logs describe-metric-filters --log-group-name <trail-log-group-name>  ``` 3. Ensure the output from the above command contains the following:  ```  filterPattern: { ($.eventName = ConsoleLogin) && ($.additionalEventData.MFAUsed != Yes) }  ```  Or, to reduce false positives in case Single Sign-On (SSO) is used in the organization:  ```  filterPattern: { ($.eventName = ConsoleLogin) && ($.additionalEventData.MFAUsed != Yes) && ($.userIdentity.type = IAMUser) && ($.responseElements.ConsoleLogin = Success) }  ``` 4. Note the `<no-mfa-console-signin-metric>` value associated with the `filterPattern` from step 3. 5. Get a list of CloudWatch alarms, and filter on the `<no-mfa-console-signin-metric>` captured in step 4.  ```  aws cloudwatch describe-alarms --query 'MetricAlarms[?MetricName== <no-mfa-console-signin-metric>]'  ``` 6. Note the `AlarmActions` value; this will provide the SNS topic ARN value. 7. Ensure there is at least one active subscriber to the SNS topic:  ```  aws sns list-subscriptions-by-topic --topic-arn <sns-topic-arn>   ``` - At least one subscription should have SubscriptionArn with a valid AWS ARN.  - Example of valid SubscriptionArn: `arn:aws:sns:<region>:<account-id>:<sns-topic-name>:<subscription-id>`";Configuring a log metric filter and alarm on a multi-region (global) CloudTrail trail: - ensures that activities from all regions (both used and unused) are monitored - ensures that activities on all supported global services are monitored - ensures that all management events across all regions are monitored Filter pattern set to `{ ($.eventName = ConsoleLogin) && ($.additionalEventData.MFAUsed != Yes) && ($.userIdentity.type = IAMUser) && ($.responseElements.ConsoleLogin = Success}`: - reduces false alarms raised when a user logs in via SSO;;https://docs.aws.amazon.com/AmazonCloudWatch/latest/DeveloperGuide/viewing_metrics_with_cloudwatch.html:https://docs.aws.amazon.com/awscloudtrail/latest/userguide/receive-cloudtrail-log-files-from-multiple-regions.html:https://docs.aws.amazon.com/awscloudtrail/latest/userguide/cloudwatch-alarms-for-cloudtrail.html:https://docs.aws.amazon.com/sns/latest/dg/SubscribeTopic.html;FAIL;No CloudWatch log groups found with metric filters or alarms associated.;arn:aws:logs:us-east-1:897154406216:log-group;897154406216;cloudwatch_log_metric_filter_sign_in_without_mfa;False;CIS;CIS Amazon Web Services Foundations Benchmark v5.0.0
aws;The CIS Amazon Web Services Foundations Benchmark provides prescriptive guidance for configuring security options for a subset of Amazon Web Services with an emphasis on foundational, testable, and architecture agnostic settings.;897154406216;us-east-1;2026-06-23 00:27:16.288386;4.1;Ensure unauthorized API calls are monitored;4 Monitoring;;Level 2;Manual;Real-time monitoring of API calls can be achieved by directing CloudTrail Logs to CloudWatch Logs or an external Security Information and Event Management (SIEM) environment, and establishing corresponding metric filters and alarms.  It is recommended that a metric filter and alarm be established for unauthorized API calls.;CloudWatch is an AWS native service that allows you to observe and monitor resources and applications. CloudTrail logs can also be sent to an external Security Information and Event Management (SIEM) environment for monitoring and alerting. Monitoring unauthorized API calls will help reduce the time it takes to detect malicious activity and can alert you to potential security incidents.;"This alert may be triggered by normal read-only console activities that attempt to opportunistically gather optional information but gracefully fail if they lack the necessary permissions. If an excessive number of alerts are generated, then an organization may wish to consider adding read access to the limited IAM user permissions solely to reduce the number of alerts. In some cases, doing this may allow users to actually view some areas of the system; any additional access granted should be reviewed for alignment with the original limited IAM user intent.";If you are using CloudTrail trails and CloudWatch, perform the following steps to set up the metric filter, alarm, SNS topic, and subscription: 1. Create a metric filter based on the provided filter pattern that checks for unauthorized API calls and uses the `<trail-log-group-name>` taken from audit step 1:  ```  aws logs put-metric-filter --log-group-name <trail-log-group-name> --filter-name <unauthorized-api-calls-metric> --metric-transformations metricName=unauthorized_api_calls_metric,metricNamespace=CISBenchmark,metricValue=1 --filter-pattern { ($.errorCode =*UnauthorizedOperation) || ($.errorCode =AccessDenied*) && ($.sourceIPAddress!=delivery.logs.amazonaws.com) && ($.eventName!=HeadBucket) }  ```  **Note**: You can choose your own `metricName` and `metricNamespace` strings. Using the same `metricNamespace` for all Foundations Benchmark metrics will group them together. 2. Create an SNS topic that the alarm will notify:  ```  aws sns create-topic --name <sns-topic-name>  ```  **Note**: You can execute this command once and then reuse the same topic for all monitoring alarms.  **Note**: Capture the `TopicArn` that is displayed when creating the SNS topic in step 2. 3. Create an SNS subscription for the topic created in step 2:  ```  aws sns subscribe --topic-arn <sns-topic-arn> --protocol <sns-protocol> --notification-endpoint <sns-subscription-endpoints>  ```  **Note**: You can execute this command once and then reuse the same subscription for all monitoring alarms. 4. Create an alarm that is associated with the CloudWatch Logs metric filter created in step 1 and the SNS topic created in step 2:  ```  aws cloudwatch put-metric-alarm --alarm-name unauthorized_api_calls_alarm --metric-name unauthorized_api_calls_metric --statistic Sum --period 300 --threshold 1 --comparison-operator GreaterThanOrEqualToThreshold --evaluation-periods 1 --namespace CISBenchmark --alarm-actions <sns-topic-arn>  ```;"If you are using CloudTrail trails and CloudWatch, perform the following to ensure that there is at least one active multi-region CloudTrail trail with the prescribed metric filters and alarms configured: 1. Identify the log group name that is configured for use with the active multi-region CloudTrail trail: - List all CloudTrail trails: `aws cloudtrail describe-trails` - Identify multi-region CloudTrail trails: `Trails with IsMultiRegionTrail set to true` - Note the value associated with Name:`<trail-name>` - Note the `<trail-log-group-name>` within the value associated with CloudWatchLogsLogGroupArn  - Example: `arn:aws:logs:<region>:<account-id>:log-group:<trail-log-group-name>:*` - Ensure the identified multi-region CloudTrail trail is active:  - `aws cloudtrail get-trail-status --name <trail-name>`  - Ensure `IsLogging` is set to `TRUE` - Ensure the identified multi-region CloudTrail trail captures all management events:  - `aws cloudtrail get-event-selectors --trail-name <trail-name>`  - Ensure there is at least one `event selector` for a trail with `IncludeManagementEvents` set to `true` and `ReadWriteType` set to `All` 2. Get a list of all associated metric filters for the `<trail-log-group-name>` captured in step 1:  ```  aws logs describe-metric-filters --log-group-name <trail-log-group-name>  ``` 3. Ensure the output from the above command contains the following:  ```  filterPattern: { ($.errorCode =*UnauthorizedOperation) || ($.errorCode =AccessDenied*) && ($.sourceIPAddress!=delivery.logs.amazonaws.com) && ($.eventName!=HeadBucket) },  ``` 4. Note the `<unauthorized-api-calls-metric>` value associated with the `filterPattern` from step 3. 5. Get a list of CloudWatch alarms, and filter on the `<unauthorized-api-calls-metric>` captured in step 4:  ```  aws cloudwatch describe-alarms --query MetricAlarms[?MetricName == <unauthorized-api-calls-metric>]  ``` 6. Note the `AlarmActions` value; this will provide the SNS topic ARN value. 7. Ensure there is at least one active subscriber to the SNS topic:  ```  aws sns list-subscriptions-by-topic --topic-arn <sns-topic-arn>   ``` - At least one subscription should have SubscriptionArn with a valid AWS ARN.  - Example of valid SubscriptionArn: `arn:aws:sns:<region>:<account-id>:<sns-topic-name>:<subscription-id>`";Configuring a log metric filter and alarm on a multi-region (global) CloudTrail trail: - ensures that activities from all regions (both used and unused) are monitored - ensures that activities on all supported global services are monitored - ensures that all management events across all regions are monitored;;https://aws.amazon.com/sns/:https://docs.aws.amazon.com/awscloudtrail/latest/userguide/receive-cloudtrail-log-files-from-multiple-regions.html:https://docs.aws.amazon.com/awscloudtrail/latest/userguide/cloudwatch-alarms-for-cloudtrail.html:https://docs.aws.amazon.com/sns/latest/dg/SubscribeTopic.html;FAIL;No CloudWatch log groups found with metric filters or alarms associated.;arn:aws:logs:us-east-1:897154406216:log-group;897154406216;cloudwatch_log_metric_filter_unauthorized_api_calls;False;CIS;CIS Amazon Web Services Foundations Benchmark v5.0.0
aws;The CIS Amazon Web Services Foundations Benchmark provides prescriptive guidance for configuring security options for a subset of Amazon Web Services with an emphasis on foundational, testable, and architecture agnostic settings.;897154406216;ap-northeast-1;2026-06-23 00:27:16.288386;3.3;Ensure AWS Config is enabled in all regions;3 Logging;;Level 2;Automated;AWS Config is a web service that performs configuration management of supported AWS resources within your account and delivers log files to you. The recorded information includes the configuration items (AWS resources), relationships between configuration items (AWS resources), and any configuration changes between resources. It is recommended that AWS Config be enabled in all regions.;The AWS configuration item history captured by AWS Config enables security analysis, resource change tracking, and compliance auditing.;Enabling AWS Config in all regions provides comprehensive visibility into resource configurations, enhancing security and compliance monitoring. However, this may incur additional costs and require proper configuration management.;To implement AWS Config configuration: **From Console:** 1. Select the region you want to focus on in the top right of the console. 2. Click `Services`. 3. Click `Config`. 4. If a Config Recorder is enabled in this region, navigate to the Settings page from the navigation menu on the left-hand side. If a Config Recorder is not yet enabled in this region, select Get Started. 5. Select Record all resources supported in this region. 6. Choose to include global resources (IAM resources). 7. Specify an S3 bucket in the same account or in another managed AWS account. 8. Create an SNS Topic from the same AWS account or another managed AWS account. **From Command Line:** 1. Ensure there is an appropriate S3 bucket, SNS topic, and IAM role per the [AWS Config Service prerequisites](http://docs.aws.amazon.com/config/latest/developerguide/gs-cli-prereq.html). 2. Run this command to create a new configuration recorder: ``` aws configservice put-configuration-recorder --configuration-recorder name=<config-recorder-name>,roleARN=arn:aws:iam::<account-id>:role/<iam-role> --recording-group allSupported=true,includeGlobalResourceTypes=true ``` 3. Create a delivery channel configuration file locally which specifies the channel attributes, populated from the prerequisites set up previously: ``` {  name: <delivery-channel-name>,  s3BucketName: <bucket-name>,  snsTopicARN: arn:aws:sns:<region>:<account-id>:<sns-topic>,  configSnapshotDeliveryProperties: {  deliveryFrequency: Twelve_Hours  } } ``` 4. Run this command to create a new delivery channel, referencing the json configuration file made in the previous step: ``` aws configservice put-delivery-channel --delivery-channel file://<delivery-channel-file>.json ``` 5. Start the configuration recorder by running the following command: ``` aws configservice start-configuration-recorder --configuration-recorder-name <config-recorder-name> ```;Process to evaluate AWS Config configuration per region: **From Console:** 1. Sign in to the AWS Management Console and open the AWS Config console at [https://console.aws.amazon.com/config/](https://console.aws.amazon.com/config/). 1. On the top right of the console select the target region. 1. If a Config Recorder is enabled in this region, you should navigate to the Settings page from the navigation menu on the left-hand side. If a Config Recorder is not yet enabled in this region, proceed to the remediation steps. 1. Ensure Record all resources supported in this region is checked. 1. Ensure Include global resources (e.g., AWS IAM resources) is checked, unless it is enabled in another region (this is only required in one region). 1. Ensure the correct S3 bucket has been defined. 1. Ensure the correct SNS topic has been defined. 1. Repeat steps 2 to 7 for each region. **From Command Line:** 1. Run this command to show all AWS Config Recorders and their properties: ``` aws configservice describe-configuration-recorders ``` 2. Evaluate the output to ensure that all recorders have a `recordingGroup` object which includes `allSupported: true`. Additionally, ensure that at least one recorder has `includeGlobalResourceTypes: true`. **Note:** There is one more parameter, ResourceTypes, in the recordingGroup object. We don't need to check it, as whenever we set allSupported to true, AWS enforces the resource types to be empty (ResourceTypes: []). Sample output: ``` {  ConfigurationRecorders: [  {  recordingGroup: {  allSupported: true,  resourceTypes: [],  includeGlobalResourceTypes: true  },  roleARN: arn:aws:iam::<AWS_Account_ID>:role/service-role/<config-role-name>,  name: default  }  ] } ``` 3. Run this command to show the status for all AWS Config Recorders: ``` aws configservice describe-configuration-recorder-status ``` 4. In the output, find recorders with `name` key matching the recorders that were evaluated in step 2. Ensure that they include `recording: true` and `lastStatus: SUCCESS`.;;;https://awscli.amazonaws.com/v2/documentation/api/latest/reference/configservice/describe-configuration-recorder-status.html:https://awscli.amazonaws.com/v2/documentation/api/latest/reference/configservice/describe-configuration-recorders.html:https://docs.aws.amazon.com/config/latest/developerguide/gs-cli-prereq.html;FAIL;AWS Config recorder 897154406216 is disabled.;arn:aws:config:ap-northeast-1:897154406216:recorder;897154406216;config_recorder_all_regions_enabled;False;CIS;CIS Amazon Web Services Foundations Benchmark v5.0.0
aws;The CIS Amazon Web Services Foundations Benchmark provides prescriptive guidance for configuring security options for a subset of Amazon Web Services with an emphasis on foundational, testable, and architecture agnostic settings.;897154406216;ap-northeast-2;2026-06-23 00:27:16.288386;3.3;Ensure AWS Config is enabled in all regions;3 Logging;;Level 2;Automated;AWS Config is a web service that performs configuration management of supported AWS resources within your account and delivers log files to you. The recorded information includes the configuration items (AWS resources), relationships between configuration items (AWS resources), and any configuration changes between resources. It is recommended that AWS Config be enabled in all regions.;The AWS configuration item history captured by AWS Config enables security analysis, resource change tracking, and compliance auditing.;Enabling AWS Config in all regions provides comprehensive visibility into resource configurations, enhancing security and compliance monitoring. However, this may incur additional costs and require proper configuration management.;To implement AWS Config configuration: **From Console:** 1. Select the region you want to focus on in the top right of the console. 2. Click `Services`. 3. Click `Config`. 4. If a Config Recorder is enabled in this region, navigate to the Settings page from the navigation menu on the left-hand side. If a Config Recorder is not yet enabled in this region, select Get Started. 5. Select Record all resources supported in this region. 6. Choose to include global resources (IAM resources). 7. Specify an S3 bucket in the same account or in another managed AWS account. 8. Create an SNS Topic from the same AWS account or another managed AWS account. **From Command Line:** 1. Ensure there is an appropriate S3 bucket, SNS topic, and IAM role per the [AWS Config Service prerequisites](http://docs.aws.amazon.com/config/latest/developerguide/gs-cli-prereq.html). 2. Run this command to create a new configuration recorder: ``` aws configservice put-configuration-recorder --configuration-recorder name=<config-recorder-name>,roleARN=arn:aws:iam::<account-id>:role/<iam-role> --recording-group allSupported=true,includeGlobalResourceTypes=true ``` 3. Create a delivery channel configuration file locally which specifies the channel attributes, populated from the prerequisites set up previously: ``` {  name: <delivery-channel-name>,  s3BucketName: <bucket-name>,  snsTopicARN: arn:aws:sns:<region>:<account-id>:<sns-topic>,  configSnapshotDeliveryProperties: {  deliveryFrequency: Twelve_Hours  } } ``` 4. Run this command to create a new delivery channel, referencing the json configuration file made in the previous step: ``` aws configservice put-delivery-channel --delivery-channel file://<delivery-channel-file>.json ``` 5. Start the configuration recorder by running the following command: ``` aws configservice start-configuration-recorder --configuration-recorder-name <config-recorder-name> ```;Process to evaluate AWS Config configuration per region: **From Console:** 1. Sign in to the AWS Management Console and open the AWS Config console at [https://console.aws.amazon.com/config/](https://console.aws.amazon.com/config/). 1. On the top right of the console select the target region. 1. If a Config Recorder is enabled in this region, you should navigate to the Settings page from the navigation menu on the left-hand side. If a Config Recorder is not yet enabled in this region, proceed to the remediation steps. 1. Ensure Record all resources supported in this region is checked. 1. Ensure Include global resources (e.g., AWS IAM resources) is checked, unless it is enabled in another region (this is only required in one region). 1. Ensure the correct S3 bucket has been defined. 1. Ensure the correct SNS topic has been defined. 1. Repeat steps 2 to 7 for each region. **From Command Line:** 1. Run this command to show all AWS Config Recorders and their properties: ``` aws configservice describe-configuration-recorders ``` 2. Evaluate the output to ensure that all recorders have a `recordingGroup` object which includes `allSupported: true`. Additionally, ensure that at least one recorder has `includeGlobalResourceTypes: true`. **Note:** There is one more parameter, ResourceTypes, in the recordingGroup object. We don't need to check it, as whenever we set allSupported to true, AWS enforces the resource types to be empty (ResourceTypes: []). Sample output: ``` {  ConfigurationRecorders: [  {  recordingGroup: {  allSupported: true,  resourceTypes: [],  includeGlobalResourceTypes: true  },  roleARN: arn:aws:iam::<AWS_Account_ID>:role/service-role/<config-role-name>,  name: default  }  ] } ``` 3. Run this command to show the status for all AWS Config Recorders: ``` aws configservice describe-configuration-recorder-status ``` 4. In the output, find recorders with `name` key matching the recorders that were evaluated in step 2. Ensure that they include `recording: true` and `lastStatus: SUCCESS`.;;;https://awscli.amazonaws.com/v2/documentation/api/latest/reference/configservice/describe-configuration-recorder-status.html:https://awscli.amazonaws.com/v2/documentation/api/latest/reference/configservice/describe-configuration-recorders.html:https://docs.aws.amazon.com/config/latest/developerguide/gs-cli-prereq.html;FAIL;AWS Config recorder 897154406216 is disabled.;arn:aws:config:ap-northeast-2:897154406216:recorder;897154406216;config_recorder_all_regions_enabled;False;CIS;CIS Amazon Web Services Foundations Benchmark v5.0.0
aws;The CIS Amazon Web Services Foundations Benchmark provides prescriptive guidance for configuring security options for a subset of Amazon Web Services with an emphasis on foundational, testable, and architecture agnostic settings.;897154406216;ap-northeast-3;2026-06-23 00:27:16.288386;3.3;Ensure AWS Config is enabled in all regions;3 Logging;;Level 2;Automated;AWS Config is a web service that performs configuration management of supported AWS resources within your account and delivers log files to you. The recorded information includes the configuration items (AWS resources), relationships between configuration items (AWS resources), and any configuration changes between resources. It is recommended that AWS Config be enabled in all regions.;The AWS configuration item history captured by AWS Config enables security analysis, resource change tracking, and compliance auditing.;Enabling AWS Config in all regions provides comprehensive visibility into resource configurations, enhancing security and compliance monitoring. However, this may incur additional costs and require proper configuration management.;To implement AWS Config configuration: **From Console:** 1. Select the region you want to focus on in the top right of the console. 2. Click `Services`. 3. Click `Config`. 4. If a Config Recorder is enabled in this region, navigate to the Settings page from the navigation menu on the left-hand side. If a Config Recorder is not yet enabled in this region, select Get Started. 5. Select Record all resources supported in this region. 6. Choose to include global resources (IAM resources). 7. Specify an S3 bucket in the same account or in another managed AWS account. 8. Create an SNS Topic from the same AWS account or another managed AWS account. **From Command Line:** 1. Ensure there is an appropriate S3 bucket, SNS topic, and IAM role per the [AWS Config Service prerequisites](http://docs.aws.amazon.com/config/latest/developerguide/gs-cli-prereq.html). 2. Run this command to create a new configuration recorder: ``` aws configservice put-configuration-recorder --configuration-recorder name=<config-recorder-name>,roleARN=arn:aws:iam::<account-id>:role/<iam-role> --recording-group allSupported=true,includeGlobalResourceTypes=true ``` 3. Create a delivery channel configuration file locally which specifies the channel attributes, populated from the prerequisites set up previously: ``` {  name: <delivery-channel-name>,  s3BucketName: <bucket-name>,  snsTopicARN: arn:aws:sns:<region>:<account-id>:<sns-topic>,  configSnapshotDeliveryProperties: {  deliveryFrequency: Twelve_Hours  } } ``` 4. Run this command to create a new delivery channel, referencing the json configuration file made in the previous step: ``` aws configservice put-delivery-channel --delivery-channel file://<delivery-channel-file>.json ``` 5. Start the configuration recorder by running the following command: ``` aws configservice start-configuration-recorder --configuration-recorder-name <config-recorder-name> ```;Process to evaluate AWS Config configuration per region: **From Console:** 1. Sign in to the AWS Management Console and open the AWS Config console at [https://console.aws.amazon.com/config/](https://console.aws.amazon.com/config/). 1. On the top right of the console select the target region. 1. If a Config Recorder is enabled in this region, you should navigate to the Settings page from the navigation menu on the left-hand side. If a Config Recorder is not yet enabled in this region, proceed to the remediation steps. 1. Ensure Record all resources supported in this region is checked. 1. Ensure Include global resources (e.g., AWS IAM resources) is checked, unless it is enabled in another region (this is only required in one region). 1. Ensure the correct S3 bucket has been defined. 1. Ensure the correct SNS topic has been defined. 1. Repeat steps 2 to 7 for each region. **From Command Line:** 1. Run this command to show all AWS Config Recorders and their properties: ``` aws configservice describe-configuration-recorders ``` 2. Evaluate the output to ensure that all recorders have a `recordingGroup` object which includes `allSupported: true`. Additionally, ensure that at least one recorder has `includeGlobalResourceTypes: true`. **Note:** There is one more parameter, ResourceTypes, in the recordingGroup object. We don't need to check it, as whenever we set allSupported to true, AWS enforces the resource types to be empty (ResourceTypes: []). Sample output: ``` {  ConfigurationRecorders: [  {  recordingGroup: {  allSupported: true,  resourceTypes: [],  includeGlobalResourceTypes: true  },  roleARN: arn:aws:iam::<AWS_Account_ID>:role/service-role/<config-role-name>,  name: default  }  ] } ``` 3. Run this command to show the status for all AWS Config Recorders: ``` aws configservice describe-configuration-recorder-status ``` 4. In the output, find recorders with `name` key matching the recorders that were evaluated in step 2. Ensure that they include `recording: true` and `lastStatus: SUCCESS`.;;;https://awscli.amazonaws.com/v2/documentation/api/latest/reference/configservice/describe-configuration-recorder-status.html:https://awscli.amazonaws.com/v2/documentation/api/latest/reference/configservice/describe-configuration-recorders.html:https://docs.aws.amazon.com/config/latest/developerguide/gs-cli-prereq.html;FAIL;AWS Config recorder 897154406216 is disabled.;arn:aws:config:ap-northeast-3:897154406216:recorder;897154406216;config_recorder_all_regions_enabled;False;CIS;CIS Amazon Web Services Foundations Benchmark v5.0.0
aws;The CIS Amazon Web Services Foundations Benchmark provides prescriptive guidance for configuring security options for a subset of Amazon Web Services with an emphasis on foundational, testable, and architecture agnostic settings.;897154406216;ap-south-1;2026-06-23 00:27:16.288386;3.3;Ensure AWS Config is enabled in all regions;3 Logging;;Level 2;Automated;AWS Config is a web service that performs configuration management of supported AWS resources within your account and delivers log files to you. The recorded information includes the configuration items (AWS resources), relationships between configuration items (AWS resources), and any configuration changes between resources. It is recommended that AWS Config be enabled in all regions.;The AWS configuration item history captured by AWS Config enables security analysis, resource change tracking, and compliance auditing.;Enabling AWS Config in all regions provides comprehensive visibility into resource configurations, enhancing security and compliance monitoring. However, this may incur additional costs and require proper configuration management.;To implement AWS Config configuration: **From Console:** 1. Select the region you want to focus on in the top right of the console. 2. Click `Services`. 3. Click `Config`. 4. If a Config Recorder is enabled in this region, navigate to the Settings page from the navigation menu on the left-hand side. If a Config Recorder is not yet enabled in this region, select Get Started. 5. Select Record all resources supported in this region. 6. Choose to include global resources (IAM resources). 7. Specify an S3 bucket in the same account or in another managed AWS account. 8. Create an SNS Topic from the same AWS account or another managed AWS account. **From Command Line:** 1. Ensure there is an appropriate S3 bucket, SNS topic, and IAM role per the [AWS Config Service prerequisites](http://docs.aws.amazon.com/config/latest/developerguide/gs-cli-prereq.html). 2. Run this command to create a new configuration recorder: ``` aws configservice put-configuration-recorder --configuration-recorder name=<config-recorder-name>,roleARN=arn:aws:iam::<account-id>:role/<iam-role> --recording-group allSupported=true,includeGlobalResourceTypes=true ``` 3. Create a delivery channel configuration file locally which specifies the channel attributes, populated from the prerequisites set up previously: ``` {  name: <delivery-channel-name>,  s3BucketName: <bucket-name>,  snsTopicARN: arn:aws:sns:<region>:<account-id>:<sns-topic>,  configSnapshotDeliveryProperties: {  deliveryFrequency: Twelve_Hours  } } ``` 4. Run this command to create a new delivery channel, referencing the json configuration file made in the previous step: ``` aws configservice put-delivery-channel --delivery-channel file://<delivery-channel-file>.json ``` 5. Start the configuration recorder by running the following command: ``` aws configservice start-configuration-recorder --configuration-recorder-name <config-recorder-name> ```;Process to evaluate AWS Config configuration per region: **From Console:** 1. Sign in to the AWS Management Console and open the AWS Config console at [https://console.aws.amazon.com/config/](https://console.aws.amazon.com/config/). 1. On the top right of the console select the target region. 1. If a Config Recorder is enabled in this region, you should navigate to the Settings page from the navigation menu on the left-hand side. If a Config Recorder is not yet enabled in this region, proceed to the remediation steps. 1. Ensure Record all resources supported in this region is checked. 1. Ensure Include global resources (e.g., AWS IAM resources) is checked, unless it is enabled in another region (this is only required in one region). 1. Ensure the correct S3 bucket has been defined. 1. Ensure the correct SNS topic has been defined. 1. Repeat steps 2 to 7 for each region. **From Command Line:** 1. Run this command to show all AWS Config Recorders and their properties: ``` aws configservice describe-configuration-recorders ``` 2. Evaluate the output to ensure that all recorders have a `recordingGroup` object which includes `allSupported: true`. Additionally, ensure that at least one recorder has `includeGlobalResourceTypes: true`. **Note:** There is one more parameter, ResourceTypes, in the recordingGroup object. We don't need to check it, as whenever we set allSupported to true, AWS enforces the resource types to be empty (ResourceTypes: []). Sample output: ``` {  ConfigurationRecorders: [  {  recordingGroup: {  allSupported: true,  resourceTypes: [],  includeGlobalResourceTypes: true  },  roleARN: arn:aws:iam::<AWS_Account_ID>:role/service-role/<config-role-name>,  name: default  }  ] } ``` 3. Run this command to show the status for all AWS Config Recorders: ``` aws configservice describe-configuration-recorder-status ``` 4. In the output, find recorders with `name` key matching the recorders that were evaluated in step 2. Ensure that they include `recording: true` and `lastStatus: SUCCESS`.;;;https://awscli.amazonaws.com/v2/documentation/api/latest/reference/configservice/describe-configuration-recorder-status.html:https://awscli.amazonaws.com/v2/documentation/api/latest/reference/configservice/describe-configuration-recorders.html:https://docs.aws.amazon.com/config/latest/developerguide/gs-cli-prereq.html;FAIL;AWS Config recorder 897154406216 is disabled.;arn:aws:config:ap-south-1:897154406216:recorder;897154406216;config_recorder_all_regions_enabled;False;CIS;CIS Amazon Web Services Foundations Benchmark v5.0.0
aws;The CIS Amazon Web Services Foundations Benchmark provides prescriptive guidance for configuring security options for a subset of Amazon Web Services with an emphasis on foundational, testable, and architecture agnostic settings.;897154406216;ap-southeast-1;2026-06-23 00:27:16.288386;3.3;Ensure AWS Config is enabled in all regions;3 Logging;;Level 2;Automated;AWS Config is a web service that performs configuration management of supported AWS resources within your account and delivers log files to you. The recorded information includes the configuration items (AWS resources), relationships between configuration items (AWS resources), and any configuration changes between resources. It is recommended that AWS Config be enabled in all regions.;The AWS configuration item history captured by AWS Config enables security analysis, resource change tracking, and compliance auditing.;Enabling AWS Config in all regions provides comprehensive visibility into resource configurations, enhancing security and compliance monitoring. However, this may incur additional costs and require proper configuration management.;To implement AWS Config configuration: **From Console:** 1. Select the region you want to focus on in the top right of the console. 2. Click `Services`. 3. Click `Config`. 4. If a Config Recorder is enabled in this region, navigate to the Settings page from the navigation menu on the left-hand side. If a Config Recorder is not yet enabled in this region, select Get Started. 5. Select Record all resources supported in this region. 6. Choose to include global resources (IAM resources). 7. Specify an S3 bucket in the same account or in another managed AWS account. 8. Create an SNS Topic from the same AWS account or another managed AWS account. **From Command Line:** 1. Ensure there is an appropriate S3 bucket, SNS topic, and IAM role per the [AWS Config Service prerequisites](http://docs.aws.amazon.com/config/latest/developerguide/gs-cli-prereq.html). 2. Run this command to create a new configuration recorder: ``` aws configservice put-configuration-recorder --configuration-recorder name=<config-recorder-name>,roleARN=arn:aws:iam::<account-id>:role/<iam-role> --recording-group allSupported=true,includeGlobalResourceTypes=true ``` 3. Create a delivery channel configuration file locally which specifies the channel attributes, populated from the prerequisites set up previously: ``` {  name: <delivery-channel-name>,  s3BucketName: <bucket-name>,  snsTopicARN: arn:aws:sns:<region>:<account-id>:<sns-topic>,  configSnapshotDeliveryProperties: {  deliveryFrequency: Twelve_Hours  } } ``` 4. Run this command to create a new delivery channel, referencing the json configuration file made in the previous step: ``` aws configservice put-delivery-channel --delivery-channel file://<delivery-channel-file>.json ``` 5. Start the configuration recorder by running the following command: ``` aws configservice start-configuration-recorder --configuration-recorder-name <config-recorder-name> ```;Process to evaluate AWS Config configuration per region: **From Console:** 1. Sign in to the AWS Management Console and open the AWS Config console at [https://console.aws.amazon.com/config/](https://console.aws.amazon.com/config/). 1. On the top right of the console select the target region. 1. If a Config Recorder is enabled in this region, you should navigate to the Settings page from the navigation menu on the left-hand side. If a Config Recorder is not yet enabled in this region, proceed to the remediation steps. 1. Ensure Record all resources supported in this region is checked. 1. Ensure Include global resources (e.g., AWS IAM resources) is checked, unless it is enabled in another region (this is only required in one region). 1. Ensure the correct S3 bucket has been defined. 1. Ensure the correct SNS topic has been defined. 1. Repeat steps 2 to 7 for each region. **From Command Line:** 1. Run this command to show all AWS Config Recorders and their properties: ``` aws configservice describe-configuration-recorders ``` 2. Evaluate the output to ensure that all recorders have a `recordingGroup` object which includes `allSupported: true`. Additionally, ensure that at least one recorder has `includeGlobalResourceTypes: true`. **Note:** There is one more parameter, ResourceTypes, in the recordingGroup object. We don't need to check it, as whenever we set allSupported to true, AWS enforces the resource types to be empty (ResourceTypes: []). Sample output: ``` {  ConfigurationRecorders: [  {  recordingGroup: {  allSupported: true,  resourceTypes: [],  includeGlobalResourceTypes: true  },  roleARN: arn:aws:iam::<AWS_Account_ID>:role/service-role/<config-role-name>,  name: default  }  ] } ``` 3. Run this command to show the status for all AWS Config Recorders: ``` aws configservice describe-configuration-recorder-status ``` 4. In the output, find recorders with `name` key matching the recorders that were evaluated in step 2. Ensure that they include `recording: true` and `lastStatus: SUCCESS`.;;;https://awscli.amazonaws.com/v2/documentation/api/latest/reference/configservice/describe-configuration-recorder-status.html:https://awscli.amazonaws.com/v2/documentation/api/latest/reference/configservice/describe-configuration-recorders.html:https://docs.aws.amazon.com/config/latest/developerguide/gs-cli-prereq.html;FAIL;AWS Config recorder 897154406216 is disabled.;arn:aws:config:ap-southeast-1:897154406216:recorder;897154406216;config_recorder_all_regions_enabled;False;CIS;CIS Amazon Web Services Foundations Benchmark v5.0.0
aws;The CIS Amazon Web Services Foundations Benchmark provides prescriptive guidance for configuring security options for a subset of Amazon Web Services with an emphasis on foundational, testable, and architecture agnostic settings.;897154406216;ap-southeast-2;2026-06-23 00:27:16.288386;3.3;Ensure AWS Config is enabled in all regions;3 Logging;;Level 2;Automated;AWS Config is a web service that performs configuration management of supported AWS resources within your account and delivers log files to you. The recorded information includes the configuration items (AWS resources), relationships between configuration items (AWS resources), and any configuration changes between resources. It is recommended that AWS Config be enabled in all regions.;The AWS configuration item history captured by AWS Config enables security analysis, resource change tracking, and compliance auditing.;Enabling AWS Config in all regions provides comprehensive visibility into resource configurations, enhancing security and compliance monitoring. However, this may incur additional costs and require proper configuration management.;To implement AWS Config configuration: **From Console:** 1. Select the region you want to focus on in the top right of the console. 2. Click `Services`. 3. Click `Config`. 4. If a Config Recorder is enabled in this region, navigate to the Settings page from the navigation menu on the left-hand side. If a Config Recorder is not yet enabled in this region, select Get Started. 5. Select Record all resources supported in this region. 6. Choose to include global resources (IAM resources). 7. Specify an S3 bucket in the same account or in another managed AWS account. 8. Create an SNS Topic from the same AWS account or another managed AWS account. **From Command Line:** 1. Ensure there is an appropriate S3 bucket, SNS topic, and IAM role per the [AWS Config Service prerequisites](http://docs.aws.amazon.com/config/latest/developerguide/gs-cli-prereq.html). 2. Run this command to create a new configuration recorder: ``` aws configservice put-configuration-recorder --configuration-recorder name=<config-recorder-name>,roleARN=arn:aws:iam::<account-id>:role/<iam-role> --recording-group allSupported=true,includeGlobalResourceTypes=true ``` 3. Create a delivery channel configuration file locally which specifies the channel attributes, populated from the prerequisites set up previously: ``` {  name: <delivery-channel-name>,  s3BucketName: <bucket-name>,  snsTopicARN: arn:aws:sns:<region>:<account-id>:<sns-topic>,  configSnapshotDeliveryProperties: {  deliveryFrequency: Twelve_Hours  } } ``` 4. Run this command to create a new delivery channel, referencing the json configuration file made in the previous step: ``` aws configservice put-delivery-channel --delivery-channel file://<delivery-channel-file>.json ``` 5. Start the configuration recorder by running the following command: ``` aws configservice start-configuration-recorder --configuration-recorder-name <config-recorder-name> ```;Process to evaluate AWS Config configuration per region: **From Console:** 1. Sign in to the AWS Management Console and open the AWS Config console at [https://console.aws.amazon.com/config/](https://console.aws.amazon.com/config/). 1. On the top right of the console select the target region. 1. If a Config Recorder is enabled in this region, you should navigate to the Settings page from the navigation menu on the left-hand side. If a Config Recorder is not yet enabled in this region, proceed to the remediation steps. 1. Ensure Record all resources supported in this region is checked. 1. Ensure Include global resources (e.g., AWS IAM resources) is checked, unless it is enabled in another region (this is only required in one region). 1. Ensure the correct S3 bucket has been defined. 1. Ensure the correct SNS topic has been defined. 1. Repeat steps 2 to 7 for each region. **From Command Line:** 1. Run this command to show all AWS Config Recorders and their properties: ``` aws configservice describe-configuration-recorders ``` 2. Evaluate the output to ensure that all recorders have a `recordingGroup` object which includes `allSupported: true`. Additionally, ensure that at least one recorder has `includeGlobalResourceTypes: true`. **Note:** There is one more parameter, ResourceTypes, in the recordingGroup object. We don't need to check it, as whenever we set allSupported to true, AWS enforces the resource types to be empty (ResourceTypes: []). Sample output: ``` {  ConfigurationRecorders: [  {  recordingGroup: {  allSupported: true,  resourceTypes: [],  includeGlobalResourceTypes: true  },  roleARN: arn:aws:iam::<AWS_Account_ID>:role/service-role/<config-role-name>,  name: default  }  ] } ``` 3. Run this command to show the status for all AWS Config Recorders: ``` aws configservice describe-configuration-recorder-status ``` 4. In the output, find recorders with `name` key matching the recorders that were evaluated in step 2. Ensure that they include `recording: true` and `lastStatus: SUCCESS`.;;;https://awscli.amazonaws.com/v2/documentation/api/latest/reference/configservice/describe-configuration-recorder-status.html:https://awscli.amazonaws.com/v2/documentation/api/latest/reference/configservice/describe-configuration-recorders.html:https://docs.aws.amazon.com/config/latest/developerguide/gs-cli-prereq.html;FAIL;AWS Config recorder 897154406216 is disabled.;arn:aws:config:ap-southeast-2:897154406216:recorder;897154406216;config_recorder_all_regions_enabled;False;CIS;CIS Amazon Web Services Foundations Benchmark v5.0.0
aws;The CIS Amazon Web Services Foundations Benchmark provides prescriptive guidance for configuring security options for a subset of Amazon Web Services with an emphasis on foundational, testable, and architecture agnostic settings.;897154406216;ca-central-1;2026-06-23 00:27:16.288386;3.3;Ensure AWS Config is enabled in all regions;3 Logging;;Level 2;Automated;AWS Config is a web service that performs configuration management of supported AWS resources within your account and delivers log files to you. The recorded information includes the configuration items (AWS resources), relationships between configuration items (AWS resources), and any configuration changes between resources. It is recommended that AWS Config be enabled in all regions.;The AWS configuration item history captured by AWS Config enables security analysis, resource change tracking, and compliance auditing.;Enabling AWS Config in all regions provides comprehensive visibility into resource configurations, enhancing security and compliance monitoring. However, this may incur additional costs and require proper configuration management.;To implement AWS Config configuration: **From Console:** 1. Select the region you want to focus on in the top right of the console. 2. Click `Services`. 3. Click `Config`. 4. If a Config Recorder is enabled in this region, navigate to the Settings page from the navigation menu on the left-hand side. If a Config Recorder is not yet enabled in this region, select Get Started. 5. Select Record all resources supported in this region. 6. Choose to include global resources (IAM resources). 7. Specify an S3 bucket in the same account or in another managed AWS account. 8. Create an SNS Topic from the same AWS account or another managed AWS account. **From Command Line:** 1. Ensure there is an appropriate S3 bucket, SNS topic, and IAM role per the [AWS Config Service prerequisites](http://docs.aws.amazon.com/config/latest/developerguide/gs-cli-prereq.html). 2. Run this command to create a new configuration recorder: ``` aws configservice put-configuration-recorder --configuration-recorder name=<config-recorder-name>,roleARN=arn:aws:iam::<account-id>:role/<iam-role> --recording-group allSupported=true,includeGlobalResourceTypes=true ``` 3. Create a delivery channel configuration file locally which specifies the channel attributes, populated from the prerequisites set up previously: ``` {  name: <delivery-channel-name>,  s3BucketName: <bucket-name>,  snsTopicARN: arn:aws:sns:<region>:<account-id>:<sns-topic>,  configSnapshotDeliveryProperties: {  deliveryFrequency: Twelve_Hours  } } ``` 4. Run this command to create a new delivery channel, referencing the json configuration file made in the previous step: ``` aws configservice put-delivery-channel --delivery-channel file://<delivery-channel-file>.json ``` 5. Start the configuration recorder by running the following command: ``` aws configservice start-configuration-recorder --configuration-recorder-name <config-recorder-name> ```;Process to evaluate AWS Config configuration per region: **From Console:** 1. Sign in to the AWS Management Console and open the AWS Config console at [https://console.aws.amazon.com/config/](https://console.aws.amazon.com/config/). 1. On the top right of the console select the target region. 1. If a Config Recorder is enabled in this region, you should navigate to the Settings page from the navigation menu on the left-hand side. If a Config Recorder is not yet enabled in this region, proceed to the remediation steps. 1. Ensure Record all resources supported in this region is checked. 1. Ensure Include global resources (e.g., AWS IAM resources) is checked, unless it is enabled in another region (this is only required in one region). 1. Ensure the correct S3 bucket has been defined. 1. Ensure the correct SNS topic has been defined. 1. Repeat steps 2 to 7 for each region. **From Command Line:** 1. Run this command to show all AWS Config Recorders and their properties: ``` aws configservice describe-configuration-recorders ``` 2. Evaluate the output to ensure that all recorders have a `recordingGroup` object which includes `allSupported: true`. Additionally, ensure that at least one recorder has `includeGlobalResourceTypes: true`. **Note:** There is one more parameter, ResourceTypes, in the recordingGroup object. We don't need to check it, as whenever we set allSupported to true, AWS enforces the resource types to be empty (ResourceTypes: []). Sample output: ``` {  ConfigurationRecorders: [  {  recordingGroup: {  allSupported: true,  resourceTypes: [],  includeGlobalResourceTypes: true  },  roleARN: arn:aws:iam::<AWS_Account_ID>:role/service-role/<config-role-name>,  name: default  }  ] } ``` 3. Run this command to show the status for all AWS Config Recorders: ``` aws configservice describe-configuration-recorder-status ``` 4. In the output, find recorders with `name` key matching the recorders that were evaluated in step 2. Ensure that they include `recording: true` and `lastStatus: SUCCESS`.;;;https://awscli.amazonaws.com/v2/documentation/api/latest/reference/configservice/describe-configuration-recorder-status.html:https://awscli.amazonaws.com/v2/documentation/api/latest/reference/configservice/describe-configuration-recorders.html:https://docs.aws.amazon.com/config/latest/developerguide/gs-cli-prereq.html;FAIL;AWS Config recorder 897154406216 is disabled.;arn:aws:config:ca-central-1:897154406216:recorder;897154406216;config_recorder_all_regions_enabled;False;CIS;CIS Amazon Web Services Foundations Benchmark v5.0.0
aws;The CIS Amazon Web Services Foundations Benchmark provides prescriptive guidance for configuring security options for a subset of Amazon Web Services with an emphasis on foundational, testable, and architecture agnostic settings.;897154406216;eu-central-1;2026-06-23 00:27:16.288386;3.3;Ensure AWS Config is enabled in all regions;3 Logging;;Level 2;Automated;AWS Config is a web service that performs configuration management of supported AWS resources within your account and delivers log files to you. The recorded information includes the configuration items (AWS resources), relationships between configuration items (AWS resources), and any configuration changes between resources. It is recommended that AWS Config be enabled in all regions.;The AWS configuration item history captured by AWS Config enables security analysis, resource change tracking, and compliance auditing.;Enabling AWS Config in all regions provides comprehensive visibility into resource configurations, enhancing security and compliance monitoring. However, this may incur additional costs and require proper configuration management.;To implement AWS Config configuration: **From Console:** 1. Select the region you want to focus on in the top right of the console. 2. Click `Services`. 3. Click `Config`. 4. If a Config Recorder is enabled in this region, navigate to the Settings page from the navigation menu on the left-hand side. If a Config Recorder is not yet enabled in this region, select Get Started. 5. Select Record all resources supported in this region. 6. Choose to include global resources (IAM resources). 7. Specify an S3 bucket in the same account or in another managed AWS account. 8. Create an SNS Topic from the same AWS account or another managed AWS account. **From Command Line:** 1. Ensure there is an appropriate S3 bucket, SNS topic, and IAM role per the [AWS Config Service prerequisites](http://docs.aws.amazon.com/config/latest/developerguide/gs-cli-prereq.html). 2. Run this command to create a new configuration recorder: ``` aws configservice put-configuration-recorder --configuration-recorder name=<config-recorder-name>,roleARN=arn:aws:iam::<account-id>:role/<iam-role> --recording-group allSupported=true,includeGlobalResourceTypes=true ``` 3. Create a delivery channel configuration file locally which specifies the channel attributes, populated from the prerequisites set up previously: ``` {  name: <delivery-channel-name>,  s3BucketName: <bucket-name>,  snsTopicARN: arn:aws:sns:<region>:<account-id>:<sns-topic>,  configSnapshotDeliveryProperties: {  deliveryFrequency: Twelve_Hours  } } ``` 4. Run this command to create a new delivery channel, referencing the json configuration file made in the previous step: ``` aws configservice put-delivery-channel --delivery-channel file://<delivery-channel-file>.json ``` 5. Start the configuration recorder by running the following command: ``` aws configservice start-configuration-recorder --configuration-recorder-name <config-recorder-name> ```;Process to evaluate AWS Config configuration per region: **From Console:** 1. Sign in to the AWS Management Console and open the AWS Config console at [https://console.aws.amazon.com/config/](https://console.aws.amazon.com/config/). 1. On the top right of the console select the target region. 1. If a Config Recorder is enabled in this region, you should navigate to the Settings page from the navigation menu on the left-hand side. If a Config Recorder is not yet enabled in this region, proceed to the remediation steps. 1. Ensure Record all resources supported in this region is checked. 1. Ensure Include global resources (e.g., AWS IAM resources) is checked, unless it is enabled in another region (this is only required in one region). 1. Ensure the correct S3 bucket has been defined. 1. Ensure the correct SNS topic has been defined. 1. Repeat steps 2 to 7 for each region. **From Command Line:** 1. Run this command to show all AWS Config Recorders and their properties: ``` aws configservice describe-configuration-recorders ``` 2. Evaluate the output to ensure that all recorders have a `recordingGroup` object which includes `allSupported: true`. Additionally, ensure that at least one recorder has `includeGlobalResourceTypes: true`. **Note:** There is one more parameter, ResourceTypes, in the recordingGroup object. We don't need to check it, as whenever we set allSupported to true, AWS enforces the resource types to be empty (ResourceTypes: []). Sample output: ``` {  ConfigurationRecorders: [  {  recordingGroup: {  allSupported: true,  resourceTypes: [],  includeGlobalResourceTypes: true  },  roleARN: arn:aws:iam::<AWS_Account_ID>:role/service-role/<config-role-name>,  name: default  }  ] } ``` 3. Run this command to show the status for all AWS Config Recorders: ``` aws configservice describe-configuration-recorder-status ``` 4. In the output, find recorders with `name` key matching the recorders that were evaluated in step 2. Ensure that they include `recording: true` and `lastStatus: SUCCESS`.;;;https://awscli.amazonaws.com/v2/documentation/api/latest/reference/configservice/describe-configuration-recorder-status.html:https://awscli.amazonaws.com/v2/documentation/api/latest/reference/configservice/describe-configuration-recorders.html:https://docs.aws.amazon.com/config/latest/developerguide/gs-cli-prereq.html;FAIL;AWS Config recorder 897154406216 is disabled.;arn:aws:config:eu-central-1:897154406216:recorder;897154406216;config_recorder_all_regions_enabled;False;CIS;CIS Amazon Web Services Foundations Benchmark v5.0.0
aws;The CIS Amazon Web Services Foundations Benchmark provides prescriptive guidance for configuring security options for a subset of Amazon Web Services with an emphasis on foundational, testable, and architecture agnostic settings.;897154406216;eu-north-1;2026-06-23 00:27:16.288386;3.3;Ensure AWS Config is enabled in all regions;3 Logging;;Level 2;Automated;AWS Config is a web service that performs configuration management of supported AWS resources within your account and delivers log files to you. The recorded information includes the configuration items (AWS resources), relationships between configuration items (AWS resources), and any configuration changes between resources. It is recommended that AWS Config be enabled in all regions.;The AWS configuration item history captured by AWS Config enables security analysis, resource change tracking, and compliance auditing.;Enabling AWS Config in all regions provides comprehensive visibility into resource configurations, enhancing security and compliance monitoring. However, this may incur additional costs and require proper configuration management.;To implement AWS Config configuration: **From Console:** 1. Select the region you want to focus on in the top right of the console. 2. Click `Services`. 3. Click `Config`. 4. If a Config Recorder is enabled in this region, navigate to the Settings page from the navigation menu on the left-hand side. If a Config Recorder is not yet enabled in this region, select Get Started. 5. Select Record all resources supported in this region. 6. Choose to include global resources (IAM resources). 7. Specify an S3 bucket in the same account or in another managed AWS account. 8. Create an SNS Topic from the same AWS account or another managed AWS account. **From Command Line:** 1. Ensure there is an appropriate S3 bucket, SNS topic, and IAM role per the [AWS Config Service prerequisites](http://docs.aws.amazon.com/config/latest/developerguide/gs-cli-prereq.html). 2. Run this command to create a new configuration recorder: ``` aws configservice put-configuration-recorder --configuration-recorder name=<config-recorder-name>,roleARN=arn:aws:iam::<account-id>:role/<iam-role> --recording-group allSupported=true,includeGlobalResourceTypes=true ``` 3. Create a delivery channel configuration file locally which specifies the channel attributes, populated from the prerequisites set up previously: ``` {  name: <delivery-channel-name>,  s3BucketName: <bucket-name>,  snsTopicARN: arn:aws:sns:<region>:<account-id>:<sns-topic>,  configSnapshotDeliveryProperties: {  deliveryFrequency: Twelve_Hours  } } ``` 4. Run this command to create a new delivery channel, referencing the json configuration file made in the previous step: ``` aws configservice put-delivery-channel --delivery-channel file://<delivery-channel-file>.json ``` 5. Start the configuration recorder by running the following command: ``` aws configservice start-configuration-recorder --configuration-recorder-name <config-recorder-name> ```;Process to evaluate AWS Config configuration per region: **From Console:** 1. Sign in to the AWS Management Console and open the AWS Config console at [https://console.aws.amazon.com/config/](https://console.aws.amazon.com/config/). 1. On the top right of the console select the target region. 1. If a Config Recorder is enabled in this region, you should navigate to the Settings page from the navigation menu on the left-hand side. If a Config Recorder is not yet enabled in this region, proceed to the remediation steps. 1. Ensure Record all resources supported in this region is checked. 1. Ensure Include global resources (e.g., AWS IAM resources) is checked, unless it is enabled in another region (this is only required in one region). 1. Ensure the correct S3 bucket has been defined. 1. Ensure the correct SNS topic has been defined. 1. Repeat steps 2 to 7 for each region. **From Command Line:** 1. Run this command to show all AWS Config Recorders and their properties: ``` aws configservice describe-configuration-recorders ``` 2. Evaluate the output to ensure that all recorders have a `recordingGroup` object which includes `allSupported: true`. Additionally, ensure that at least one recorder has `includeGlobalResourceTypes: true`. **Note:** There is one more parameter, ResourceTypes, in the recordingGroup object. We don't need to check it, as whenever we set allSupported to true, AWS enforces the resource types to be empty (ResourceTypes: []). Sample output: ``` {  ConfigurationRecorders: [  {  recordingGroup: {  allSupported: true,  resourceTypes: [],  includeGlobalResourceTypes: true  },  roleARN: arn:aws:iam::<AWS_Account_ID>:role/service-role/<config-role-name>,  name: default  }  ] } ``` 3. Run this command to show the status for all AWS Config Recorders: ``` aws configservice describe-configuration-recorder-status ``` 4. In the output, find recorders with `name` key matching the recorders that were evaluated in step 2. Ensure that they include `recording: true` and `lastStatus: SUCCESS`.;;;https://awscli.amazonaws.com/v2/documentation/api/latest/reference/configservice/describe-configuration-recorder-status.html:https://awscli.amazonaws.com/v2/documentation/api/latest/reference/configservice/describe-configuration-recorders.html:https://docs.aws.amazon.com/config/latest/developerguide/gs-cli-prereq.html;FAIL;AWS Config recorder 897154406216 is disabled.;arn:aws:config:eu-north-1:897154406216:recorder;897154406216;config_recorder_all_regions_enabled;False;CIS;CIS Amazon Web Services Foundations Benchmark v5.0.0
aws;The CIS Amazon Web Services Foundations Benchmark provides prescriptive guidance for configuring security options for a subset of Amazon Web Services with an emphasis on foundational, testable, and architecture agnostic settings.;897154406216;eu-west-1;2026-06-23 00:27:16.288386;3.3;Ensure AWS Config is enabled in all regions;3 Logging;;Level 2;Automated;AWS Config is a web service that performs configuration management of supported AWS resources within your account and delivers log files to you. The recorded information includes the configuration items (AWS resources), relationships between configuration items (AWS resources), and any configuration changes between resources. It is recommended that AWS Config be enabled in all regions.;The AWS configuration item history captured by AWS Config enables security analysis, resource change tracking, and compliance auditing.;Enabling AWS Config in all regions provides comprehensive visibility into resource configurations, enhancing security and compliance monitoring. However, this may incur additional costs and require proper configuration management.;To implement AWS Config configuration: **From Console:** 1. Select the region you want to focus on in the top right of the console. 2. Click `Services`. 3. Click `Config`. 4. If a Config Recorder is enabled in this region, navigate to the Settings page from the navigation menu on the left-hand side. If a Config Recorder is not yet enabled in this region, select Get Started. 5. Select Record all resources supported in this region. 6. Choose to include global resources (IAM resources). 7. Specify an S3 bucket in the same account or in another managed AWS account. 8. Create an SNS Topic from the same AWS account or another managed AWS account. **From Command Line:** 1. Ensure there is an appropriate S3 bucket, SNS topic, and IAM role per the [AWS Config Service prerequisites](http://docs.aws.amazon.com/config/latest/developerguide/gs-cli-prereq.html). 2. Run this command to create a new configuration recorder: ``` aws configservice put-configuration-recorder --configuration-recorder name=<config-recorder-name>,roleARN=arn:aws:iam::<account-id>:role/<iam-role> --recording-group allSupported=true,includeGlobalResourceTypes=true ``` 3. Create a delivery channel configuration file locally which specifies the channel attributes, populated from the prerequisites set up previously: ``` {  name: <delivery-channel-name>,  s3BucketName: <bucket-name>,  snsTopicARN: arn:aws:sns:<region>:<account-id>:<sns-topic>,  configSnapshotDeliveryProperties: {  deliveryFrequency: Twelve_Hours  } } ``` 4. Run this command to create a new delivery channel, referencing the json configuration file made in the previous step: ``` aws configservice put-delivery-channel --delivery-channel file://<delivery-channel-file>.json ``` 5. Start the configuration recorder by running the following command: ``` aws configservice start-configuration-recorder --configuration-recorder-name <config-recorder-name> ```;Process to evaluate AWS Config configuration per region: **From Console:** 1. Sign in to the AWS Management Console and open the AWS Config console at [https://console.aws.amazon.com/config/](https://console.aws.amazon.com/config/). 1. On the top right of the console select the target region. 1. If a Config Recorder is enabled in this region, you should navigate to the Settings page from the navigation menu on the left-hand side. If a Config Recorder is not yet enabled in this region, proceed to the remediation steps. 1. Ensure Record all resources supported in this region is checked. 1. Ensure Include global resources (e.g., AWS IAM resources) is checked, unless it is enabled in another region (this is only required in one region). 1. Ensure the correct S3 bucket has been defined. 1. Ensure the correct SNS topic has been defined. 1. Repeat steps 2 to 7 for each region. **From Command Line:** 1. Run this command to show all AWS Config Recorders and their properties: ``` aws configservice describe-configuration-recorders ``` 2. Evaluate the output to ensure that all recorders have a `recordingGroup` object which includes `allSupported: true`. Additionally, ensure that at least one recorder has `includeGlobalResourceTypes: true`. **Note:** There is one more parameter, ResourceTypes, in the recordingGroup object. We don't need to check it, as whenever we set allSupported to true, AWS enforces the resource types to be empty (ResourceTypes: []). Sample output: ``` {  ConfigurationRecorders: [  {  recordingGroup: {  allSupported: true,  resourceTypes: [],  includeGlobalResourceTypes: true  },  roleARN: arn:aws:iam::<AWS_Account_ID>:role/service-role/<config-role-name>,  name: default  }  ] } ``` 3. Run this command to show the status for all AWS Config Recorders: ``` aws configservice describe-configuration-recorder-status ``` 4. In the output, find recorders with `name` key matching the recorders that were evaluated in step 2. Ensure that they include `recording: true` and `lastStatus: SUCCESS`.;;;https://awscli.amazonaws.com/v2/documentation/api/latest/reference/configservice/describe-configuration-recorder-status.html:https://awscli.amazonaws.com/v2/documentation/api/latest/reference/configservice/describe-configuration-recorders.html:https://docs.aws.amazon.com/config/latest/developerguide/gs-cli-prereq.html;FAIL;AWS Config recorder 897154406216 is disabled.;arn:aws:config:eu-west-1:897154406216:recorder;897154406216;config_recorder_all_regions_enabled;False;CIS;CIS Amazon Web Services Foundations Benchmark v5.0.0
aws;The CIS Amazon Web Services Foundations Benchmark provides prescriptive guidance for configuring security options for a subset of Amazon Web Services with an emphasis on foundational, testable, and architecture agnostic settings.;897154406216;eu-west-2;2026-06-23 00:27:16.288386;3.3;Ensure AWS Config is enabled in all regions;3 Logging;;Level 2;Automated;AWS Config is a web service that performs configuration management of supported AWS resources within your account and delivers log files to you. The recorded information includes the configuration items (AWS resources), relationships between configuration items (AWS resources), and any configuration changes between resources. It is recommended that AWS Config be enabled in all regions.;The AWS configuration item history captured by AWS Config enables security analysis, resource change tracking, and compliance auditing.;Enabling AWS Config in all regions provides comprehensive visibility into resource configurations, enhancing security and compliance monitoring. However, this may incur additional costs and require proper configuration management.;To implement AWS Config configuration: **From Console:** 1. Select the region you want to focus on in the top right of the console. 2. Click `Services`. 3. Click `Config`. 4. If a Config Recorder is enabled in this region, navigate to the Settings page from the navigation menu on the left-hand side. If a Config Recorder is not yet enabled in this region, select Get Started. 5. Select Record all resources supported in this region. 6. Choose to include global resources (IAM resources). 7. Specify an S3 bucket in the same account or in another managed AWS account. 8. Create an SNS Topic from the same AWS account or another managed AWS account. **From Command Line:** 1. Ensure there is an appropriate S3 bucket, SNS topic, and IAM role per the [AWS Config Service prerequisites](http://docs.aws.amazon.com/config/latest/developerguide/gs-cli-prereq.html). 2. Run this command to create a new configuration recorder: ``` aws configservice put-configuration-recorder --configuration-recorder name=<config-recorder-name>,roleARN=arn:aws:iam::<account-id>:role/<iam-role> --recording-group allSupported=true,includeGlobalResourceTypes=true ``` 3. Create a delivery channel configuration file locally which specifies the channel attributes, populated from the prerequisites set up previously: ``` {  name: <delivery-channel-name>,  s3BucketName: <bucket-name>,  snsTopicARN: arn:aws:sns:<region>:<account-id>:<sns-topic>,  configSnapshotDeliveryProperties: {  deliveryFrequency: Twelve_Hours  } } ``` 4. Run this command to create a new delivery channel, referencing the json configuration file made in the previous step: ``` aws configservice put-delivery-channel --delivery-channel file://<delivery-channel-file>.json ``` 5. Start the configuration recorder by running the following command: ``` aws configservice start-configuration-recorder --configuration-recorder-name <config-recorder-name> ```;Process to evaluate AWS Config configuration per region: **From Console:** 1. Sign in to the AWS Management Console and open the AWS Config console at [https://console.aws.amazon.com/config/](https://console.aws.amazon.com/config/). 1. On the top right of the console select the target region. 1. If a Config Recorder is enabled in this region, you should navigate to the Settings page from the navigation menu on the left-hand side. If a Config Recorder is not yet enabled in this region, proceed to the remediation steps. 1. Ensure Record all resources supported in this region is checked. 1. Ensure Include global resources (e.g., AWS IAM resources) is checked, unless it is enabled in another region (this is only required in one region). 1. Ensure the correct S3 bucket has been defined. 1. Ensure the correct SNS topic has been defined. 1. Repeat steps 2 to 7 for each region. **From Command Line:** 1. Run this command to show all AWS Config Recorders and their properties: ``` aws configservice describe-configuration-recorders ``` 2. Evaluate the output to ensure that all recorders have a `recordingGroup` object which includes `allSupported: true`. Additionally, ensure that at least one recorder has `includeGlobalResourceTypes: true`. **Note:** There is one more parameter, ResourceTypes, in the recordingGroup object. We don't need to check it, as whenever we set allSupported to true, AWS enforces the resource types to be empty (ResourceTypes: []). Sample output: ``` {  ConfigurationRecorders: [  {  recordingGroup: {  allSupported: true,  resourceTypes: [],  includeGlobalResourceTypes: true  },  roleARN: arn:aws:iam::<AWS_Account_ID>:role/service-role/<config-role-name>,  name: default  }  ] } ``` 3. Run this command to show the status for all AWS Config Recorders: ``` aws configservice describe-configuration-recorder-status ``` 4. In the output, find recorders with `name` key matching the recorders that were evaluated in step 2. Ensure that they include `recording: true` and `lastStatus: SUCCESS`.;;;https://awscli.amazonaws.com/v2/documentation/api/latest/reference/configservice/describe-configuration-recorder-status.html:https://awscli.amazonaws.com/v2/documentation/api/latest/reference/configservice/describe-configuration-recorders.html:https://docs.aws.amazon.com/config/latest/developerguide/gs-cli-prereq.html;FAIL;AWS Config recorder 897154406216 is disabled.;arn:aws:config:eu-west-2:897154406216:recorder;897154406216;config_recorder_all_regions_enabled;False;CIS;CIS Amazon Web Services Foundations Benchmark v5.0.0
aws;The CIS Amazon Web Services Foundations Benchmark provides prescriptive guidance for configuring security options for a subset of Amazon Web Services with an emphasis on foundational, testable, and architecture agnostic settings.;897154406216;eu-west-3;2026-06-23 00:27:16.288386;3.3;Ensure AWS Config is enabled in all regions;3 Logging;;Level 2;Automated;AWS Config is a web service that performs configuration management of supported AWS resources within your account and delivers log files to you. The recorded information includes the configuration items (AWS resources), relationships between configuration items (AWS resources), and any configuration changes between resources. It is recommended that AWS Config be enabled in all regions.;The AWS configuration item history captured by AWS Config enables security analysis, resource change tracking, and compliance auditing.;Enabling AWS Config in all regions provides comprehensive visibility into resource configurations, enhancing security and compliance monitoring. However, this may incur additional costs and require proper configuration management.;To implement AWS Config configuration: **From Console:** 1. Select the region you want to focus on in the top right of the console. 2. Click `Services`. 3. Click `Config`. 4. If a Config Recorder is enabled in this region, navigate to the Settings page from the navigation menu on the left-hand side. If a Config Recorder is not yet enabled in this region, select Get Started. 5. Select Record all resources supported in this region. 6. Choose to include global resources (IAM resources). 7. Specify an S3 bucket in the same account or in another managed AWS account. 8. Create an SNS Topic from the same AWS account or another managed AWS account. **From Command Line:** 1. Ensure there is an appropriate S3 bucket, SNS topic, and IAM role per the [AWS Config Service prerequisites](http://docs.aws.amazon.com/config/latest/developerguide/gs-cli-prereq.html). 2. Run this command to create a new configuration recorder: ``` aws configservice put-configuration-recorder --configuration-recorder name=<config-recorder-name>,roleARN=arn:aws:iam::<account-id>:role/<iam-role> --recording-group allSupported=true,includeGlobalResourceTypes=true ``` 3. Create a delivery channel configuration file locally which specifies the channel attributes, populated from the prerequisites set up previously: ``` {  name: <delivery-channel-name>,  s3BucketName: <bucket-name>,  snsTopicARN: arn:aws:sns:<region>:<account-id>:<sns-topic>,  configSnapshotDeliveryProperties: {  deliveryFrequency: Twelve_Hours  } } ``` 4. Run this command to create a new delivery channel, referencing the json configuration file made in the previous step: ``` aws configservice put-delivery-channel --delivery-channel file://<delivery-channel-file>.json ``` 5. Start the configuration recorder by running the following command: ``` aws configservice start-configuration-recorder --configuration-recorder-name <config-recorder-name> ```;Process to evaluate AWS Config configuration per region: **From Console:** 1. Sign in to the AWS Management Console and open the AWS Config console at [https://console.aws.amazon.com/config/](https://console.aws.amazon.com/config/). 1. On the top right of the console select the target region. 1. If a Config Recorder is enabled in this region, you should navigate to the Settings page from the navigation menu on the left-hand side. If a Config Recorder is not yet enabled in this region, proceed to the remediation steps. 1. Ensure Record all resources supported in this region is checked. 1. Ensure Include global resources (e.g., AWS IAM resources) is checked, unless it is enabled in another region (this is only required in one region). 1. Ensure the correct S3 bucket has been defined. 1. Ensure the correct SNS topic has been defined. 1. Repeat steps 2 to 7 for each region. **From Command Line:** 1. Run this command to show all AWS Config Recorders and their properties: ``` aws configservice describe-configuration-recorders ``` 2. Evaluate the output to ensure that all recorders have a `recordingGroup` object which includes `allSupported: true`. Additionally, ensure that at least one recorder has `includeGlobalResourceTypes: true`. **Note:** There is one more parameter, ResourceTypes, in the recordingGroup object. We don't need to check it, as whenever we set allSupported to true, AWS enforces the resource types to be empty (ResourceTypes: []). Sample output: ``` {  ConfigurationRecorders: [  {  recordingGroup: {  allSupported: true,  resourceTypes: [],  includeGlobalResourceTypes: true  },  roleARN: arn:aws:iam::<AWS_Account_ID>:role/service-role/<config-role-name>,  name: default  }  ] } ``` 3. Run this command to show the status for all AWS Config Recorders: ``` aws configservice describe-configuration-recorder-status ``` 4. In the output, find recorders with `name` key matching the recorders that were evaluated in step 2. Ensure that they include `recording: true` and `lastStatus: SUCCESS`.;;;https://awscli.amazonaws.com/v2/documentation/api/latest/reference/configservice/describe-configuration-recorder-status.html:https://awscli.amazonaws.com/v2/documentation/api/latest/reference/configservice/describe-configuration-recorders.html:https://docs.aws.amazon.com/config/latest/developerguide/gs-cli-prereq.html;FAIL;AWS Config recorder 897154406216 is disabled.;arn:aws:config:eu-west-3:897154406216:recorder;897154406216;config_recorder_all_regions_enabled;False;CIS;CIS Amazon Web Services Foundations Benchmark v5.0.0
aws;The CIS Amazon Web Services Foundations Benchmark provides prescriptive guidance for configuring security options for a subset of Amazon Web Services with an emphasis on foundational, testable, and architecture agnostic settings.;897154406216;sa-east-1;2026-06-23 00:27:16.288386;3.3;Ensure AWS Config is enabled in all regions;3 Logging;;Level 2;Automated;AWS Config is a web service that performs configuration management of supported AWS resources within your account and delivers log files to you. The recorded information includes the configuration items (AWS resources), relationships between configuration items (AWS resources), and any configuration changes between resources. It is recommended that AWS Config be enabled in all regions.;The AWS configuration item history captured by AWS Config enables security analysis, resource change tracking, and compliance auditing.;Enabling AWS Config in all regions provides comprehensive visibility into resource configurations, enhancing security and compliance monitoring. However, this may incur additional costs and require proper configuration management.;To implement AWS Config configuration: **From Console:** 1. Select the region you want to focus on in the top right of the console. 2. Click `Services`. 3. Click `Config`. 4. If a Config Recorder is enabled in this region, navigate to the Settings page from the navigation menu on the left-hand side. If a Config Recorder is not yet enabled in this region, select Get Started. 5. Select Record all resources supported in this region. 6. Choose to include global resources (IAM resources). 7. Specify an S3 bucket in the same account or in another managed AWS account. 8. Create an SNS Topic from the same AWS account or another managed AWS account. **From Command Line:** 1. Ensure there is an appropriate S3 bucket, SNS topic, and IAM role per the [AWS Config Service prerequisites](http://docs.aws.amazon.com/config/latest/developerguide/gs-cli-prereq.html). 2. Run this command to create a new configuration recorder: ``` aws configservice put-configuration-recorder --configuration-recorder name=<config-recorder-name>,roleARN=arn:aws:iam::<account-id>:role/<iam-role> --recording-group allSupported=true,includeGlobalResourceTypes=true ``` 3. Create a delivery channel configuration file locally which specifies the channel attributes, populated from the prerequisites set up previously: ``` {  name: <delivery-channel-name>,  s3BucketName: <bucket-name>,  snsTopicARN: arn:aws:sns:<region>:<account-id>:<sns-topic>,  configSnapshotDeliveryProperties: {  deliveryFrequency: Twelve_Hours  } } ``` 4. Run this command to create a new delivery channel, referencing the json configuration file made in the previous step: ``` aws configservice put-delivery-channel --delivery-channel file://<delivery-channel-file>.json ``` 5. Start the configuration recorder by running the following command: ``` aws configservice start-configuration-recorder --configuration-recorder-name <config-recorder-name> ```;Process to evaluate AWS Config configuration per region: **From Console:** 1. Sign in to the AWS Management Console and open the AWS Config console at [https://console.aws.amazon.com/config/](https://console.aws.amazon.com/config/). 1. On the top right of the console select the target region. 1. If a Config Recorder is enabled in this region, you should navigate to the Settings page from the navigation menu on the left-hand side. If a Config Recorder is not yet enabled in this region, proceed to the remediation steps. 1. Ensure Record all resources supported in this region is checked. 1. Ensure Include global resources (e.g., AWS IAM resources) is checked, unless it is enabled in another region (this is only required in one region). 1. Ensure the correct S3 bucket has been defined. 1. Ensure the correct SNS topic has been defined. 1. Repeat steps 2 to 7 for each region. **From Command Line:** 1. Run this command to show all AWS Config Recorders and their properties: ``` aws configservice describe-configuration-recorders ``` 2. Evaluate the output to ensure that all recorders have a `recordingGroup` object which includes `allSupported: true`. Additionally, ensure that at least one recorder has `includeGlobalResourceTypes: true`. **Note:** There is one more parameter, ResourceTypes, in the recordingGroup object. We don't need to check it, as whenever we set allSupported to true, AWS enforces the resource types to be empty (ResourceTypes: []). Sample output: ``` {  ConfigurationRecorders: [  {  recordingGroup: {  allSupported: true,  resourceTypes: [],  includeGlobalResourceTypes: true  },  roleARN: arn:aws:iam::<AWS_Account_ID>:role/service-role/<config-role-name>,  name: default  }  ] } ``` 3. Run this command to show the status for all AWS Config Recorders: ``` aws configservice describe-configuration-recorder-status ``` 4. In the output, find recorders with `name` key matching the recorders that were evaluated in step 2. Ensure that they include `recording: true` and `lastStatus: SUCCESS`.;;;https://awscli.amazonaws.com/v2/documentation/api/latest/reference/configservice/describe-configuration-recorder-status.html:https://awscli.amazonaws.com/v2/documentation/api/latest/reference/configservice/describe-configuration-recorders.html:https://docs.aws.amazon.com/config/latest/developerguide/gs-cli-prereq.html;FAIL;AWS Config recorder 897154406216 is disabled.;arn:aws:config:sa-east-1:897154406216:recorder;897154406216;config_recorder_all_regions_enabled;False;CIS;CIS Amazon Web Services Foundations Benchmark v5.0.0
aws;The CIS Amazon Web Services Foundations Benchmark provides prescriptive guidance for configuring security options for a subset of Amazon Web Services with an emphasis on foundational, testable, and architecture agnostic settings.;897154406216;us-east-1;2026-06-23 00:27:16.288386;3.3;Ensure AWS Config is enabled in all regions;3 Logging;;Level 2;Automated;AWS Config is a web service that performs configuration management of supported AWS resources within your account and delivers log files to you. The recorded information includes the configuration items (AWS resources), relationships between configuration items (AWS resources), and any configuration changes between resources. It is recommended that AWS Config be enabled in all regions.;The AWS configuration item history captured by AWS Config enables security analysis, resource change tracking, and compliance auditing.;Enabling AWS Config in all regions provides comprehensive visibility into resource configurations, enhancing security and compliance monitoring. However, this may incur additional costs and require proper configuration management.;To implement AWS Config configuration: **From Console:** 1. Select the region you want to focus on in the top right of the console. 2. Click `Services`. 3. Click `Config`. 4. If a Config Recorder is enabled in this region, navigate to the Settings page from the navigation menu on the left-hand side. If a Config Recorder is not yet enabled in this region, select Get Started. 5. Select Record all resources supported in this region. 6. Choose to include global resources (IAM resources). 7. Specify an S3 bucket in the same account or in another managed AWS account. 8. Create an SNS Topic from the same AWS account or another managed AWS account. **From Command Line:** 1. Ensure there is an appropriate S3 bucket, SNS topic, and IAM role per the [AWS Config Service prerequisites](http://docs.aws.amazon.com/config/latest/developerguide/gs-cli-prereq.html). 2. Run this command to create a new configuration recorder: ``` aws configservice put-configuration-recorder --configuration-recorder name=<config-recorder-name>,roleARN=arn:aws:iam::<account-id>:role/<iam-role> --recording-group allSupported=true,includeGlobalResourceTypes=true ``` 3. Create a delivery channel configuration file locally which specifies the channel attributes, populated from the prerequisites set up previously: ``` {  name: <delivery-channel-name>,  s3BucketName: <bucket-name>,  snsTopicARN: arn:aws:sns:<region>:<account-id>:<sns-topic>,  configSnapshotDeliveryProperties: {  deliveryFrequency: Twelve_Hours  } } ``` 4. Run this command to create a new delivery channel, referencing the json configuration file made in the previous step: ``` aws configservice put-delivery-channel --delivery-channel file://<delivery-channel-file>.json ``` 5. Start the configuration recorder by running the following command: ``` aws configservice start-configuration-recorder --configuration-recorder-name <config-recorder-name> ```;Process to evaluate AWS Config configuration per region: **From Console:** 1. Sign in to the AWS Management Console and open the AWS Config console at [https://console.aws.amazon.com/config/](https://console.aws.amazon.com/config/). 1. On the top right of the console select the target region. 1. If a Config Recorder is enabled in this region, you should navigate to the Settings page from the navigation menu on the left-hand side. If a Config Recorder is not yet enabled in this region, proceed to the remediation steps. 1. Ensure Record all resources supported in this region is checked. 1. Ensure Include global resources (e.g., AWS IAM resources) is checked, unless it is enabled in another region (this is only required in one region). 1. Ensure the correct S3 bucket has been defined. 1. Ensure the correct SNS topic has been defined. 1. Repeat steps 2 to 7 for each region. **From Command Line:** 1. Run this command to show all AWS Config Recorders and their properties: ``` aws configservice describe-configuration-recorders ``` 2. Evaluate the output to ensure that all recorders have a `recordingGroup` object which includes `allSupported: true`. Additionally, ensure that at least one recorder has `includeGlobalResourceTypes: true`. **Note:** There is one more parameter, ResourceTypes, in the recordingGroup object. We don't need to check it, as whenever we set allSupported to true, AWS enforces the resource types to be empty (ResourceTypes: []). Sample output: ``` {  ConfigurationRecorders: [  {  recordingGroup: {  allSupported: true,  resourceTypes: [],  includeGlobalResourceTypes: true  },  roleARN: arn:aws:iam::<AWS_Account_ID>:role/service-role/<config-role-name>,  name: default  }  ] } ``` 3. Run this command to show the status for all AWS Config Recorders: ``` aws configservice describe-configuration-recorder-status ``` 4. In the output, find recorders with `name` key matching the recorders that were evaluated in step 2. Ensure that they include `recording: true` and `lastStatus: SUCCESS`.;;;https://awscli.amazonaws.com/v2/documentation/api/latest/reference/configservice/describe-configuration-recorder-status.html:https://awscli.amazonaws.com/v2/documentation/api/latest/reference/configservice/describe-configuration-recorders.html:https://docs.aws.amazon.com/config/latest/developerguide/gs-cli-prereq.html;FAIL;AWS Config recorder 897154406216 is disabled.;arn:aws:config:us-east-1:897154406216:recorder;897154406216;config_recorder_all_regions_enabled;False;CIS;CIS Amazon Web Services Foundations Benchmark v5.0.0
aws;The CIS Amazon Web Services Foundations Benchmark provides prescriptive guidance for configuring security options for a subset of Amazon Web Services with an emphasis on foundational, testable, and architecture agnostic settings.;897154406216;us-east-2;2026-06-23 00:27:16.288386;3.3;Ensure AWS Config is enabled in all regions;3 Logging;;Level 2;Automated;AWS Config is a web service that performs configuration management of supported AWS resources within your account and delivers log files to you. The recorded information includes the configuration items (AWS resources), relationships between configuration items (AWS resources), and any configuration changes between resources. It is recommended that AWS Config be enabled in all regions.;The AWS configuration item history captured by AWS Config enables security analysis, resource change tracking, and compliance auditing.;Enabling AWS Config in all regions provides comprehensive visibility into resource configurations, enhancing security and compliance monitoring. However, this may incur additional costs and require proper configuration management.;To implement AWS Config configuration: **From Console:** 1. Select the region you want to focus on in the top right of the console. 2. Click `Services`. 3. Click `Config`. 4. If a Config Recorder is enabled in this region, navigate to the Settings page from the navigation menu on the left-hand side. If a Config Recorder is not yet enabled in this region, select Get Started. 5. Select Record all resources supported in this region. 6. Choose to include global resources (IAM resources). 7. Specify an S3 bucket in the same account or in another managed AWS account. 8. Create an SNS Topic from the same AWS account or another managed AWS account. **From Command Line:** 1. Ensure there is an appropriate S3 bucket, SNS topic, and IAM role per the [AWS Config Service prerequisites](http://docs.aws.amazon.com/config/latest/developerguide/gs-cli-prereq.html). 2. Run this command to create a new configuration recorder: ``` aws configservice put-configuration-recorder --configuration-recorder name=<config-recorder-name>,roleARN=arn:aws:iam::<account-id>:role/<iam-role> --recording-group allSupported=true,includeGlobalResourceTypes=true ``` 3. Create a delivery channel configuration file locally which specifies the channel attributes, populated from the prerequisites set up previously: ``` {  name: <delivery-channel-name>,  s3BucketName: <bucket-name>,  snsTopicARN: arn:aws:sns:<region>:<account-id>:<sns-topic>,  configSnapshotDeliveryProperties: {  deliveryFrequency: Twelve_Hours  } } ``` 4. Run this command to create a new delivery channel, referencing the json configuration file made in the previous step: ``` aws configservice put-delivery-channel --delivery-channel file://<delivery-channel-file>.json ``` 5. Start the configuration recorder by running the following command: ``` aws configservice start-configuration-recorder --configuration-recorder-name <config-recorder-name> ```;Process to evaluate AWS Config configuration per region: **From Console:** 1. Sign in to the AWS Management Console and open the AWS Config console at [https://console.aws.amazon.com/config/](https://console.aws.amazon.com/config/). 1. On the top right of the console select the target region. 1. If a Config Recorder is enabled in this region, you should navigate to the Settings page from the navigation menu on the left-hand side. If a Config Recorder is not yet enabled in this region, proceed to the remediation steps. 1. Ensure Record all resources supported in this region is checked. 1. Ensure Include global resources (e.g., AWS IAM resources) is checked, unless it is enabled in another region (this is only required in one region). 1. Ensure the correct S3 bucket has been defined. 1. Ensure the correct SNS topic has been defined. 1. Repeat steps 2 to 7 for each region. **From Command Line:** 1. Run this command to show all AWS Config Recorders and their properties: ``` aws configservice describe-configuration-recorders ``` 2. Evaluate the output to ensure that all recorders have a `recordingGroup` object which includes `allSupported: true`. Additionally, ensure that at least one recorder has `includeGlobalResourceTypes: true`. **Note:** There is one more parameter, ResourceTypes, in the recordingGroup object. We don't need to check it, as whenever we set allSupported to true, AWS enforces the resource types to be empty (ResourceTypes: []). Sample output: ``` {  ConfigurationRecorders: [  {  recordingGroup: {  allSupported: true,  resourceTypes: [],  includeGlobalResourceTypes: true  },  roleARN: arn:aws:iam::<AWS_Account_ID>:role/service-role/<config-role-name>,  name: default  }  ] } ``` 3. Run this command to show the status for all AWS Config Recorders: ``` aws configservice describe-configuration-recorder-status ``` 4. In the output, find recorders with `name` key matching the recorders that were evaluated in step 2. Ensure that they include `recording: true` and `lastStatus: SUCCESS`.;;;https://awscli.amazonaws.com/v2/documentation/api/latest/reference/configservice/describe-configuration-recorder-status.html:https://awscli.amazonaws.com/v2/documentation/api/latest/reference/configservice/describe-configuration-recorders.html:https://docs.aws.amazon.com/config/latest/developerguide/gs-cli-prereq.html;FAIL;AWS Config recorder 897154406216 is disabled.;arn:aws:config:us-east-2:897154406216:recorder;897154406216;config_recorder_all_regions_enabled;False;CIS;CIS Amazon Web Services Foundations Benchmark v5.0.0
aws;The CIS Amazon Web Services Foundations Benchmark provides prescriptive guidance for configuring security options for a subset of Amazon Web Services with an emphasis on foundational, testable, and architecture agnostic settings.;897154406216;us-west-1;2026-06-23 00:27:16.288386;3.3;Ensure AWS Config is enabled in all regions;3 Logging;;Level 2;Automated;AWS Config is a web service that performs configuration management of supported AWS resources within your account and delivers log files to you. The recorded information includes the configuration items (AWS resources), relationships between configuration items (AWS resources), and any configuration changes between resources. It is recommended that AWS Config be enabled in all regions.;The AWS configuration item history captured by AWS Config enables security analysis, resource change tracking, and compliance auditing.;Enabling AWS Config in all regions provides comprehensive visibility into resource configurations, enhancing security and compliance monitoring. However, this may incur additional costs and require proper configuration management.;To implement AWS Config configuration: **From Console:** 1. Select the region you want to focus on in the top right of the console. 2. Click `Services`. 3. Click `Config`. 4. If a Config Recorder is enabled in this region, navigate to the Settings page from the navigation menu on the left-hand side. If a Config Recorder is not yet enabled in this region, select Get Started. 5. Select Record all resources supported in this region. 6. Choose to include global resources (IAM resources). 7. Specify an S3 bucket in the same account or in another managed AWS account. 8. Create an SNS Topic from the same AWS account or another managed AWS account. **From Command Line:** 1. Ensure there is an appropriate S3 bucket, SNS topic, and IAM role per the [AWS Config Service prerequisites](http://docs.aws.amazon.com/config/latest/developerguide/gs-cli-prereq.html). 2. Run this command to create a new configuration recorder: ``` aws configservice put-configuration-recorder --configuration-recorder name=<config-recorder-name>,roleARN=arn:aws:iam::<account-id>:role/<iam-role> --recording-group allSupported=true,includeGlobalResourceTypes=true ``` 3. Create a delivery channel configuration file locally which specifies the channel attributes, populated from the prerequisites set up previously: ``` {  name: <delivery-channel-name>,  s3BucketName: <bucket-name>,  snsTopicARN: arn:aws:sns:<region>:<account-id>:<sns-topic>,  configSnapshotDeliveryProperties: {  deliveryFrequency: Twelve_Hours  } } ``` 4. Run this command to create a new delivery channel, referencing the json configuration file made in the previous step: ``` aws configservice put-delivery-channel --delivery-channel file://<delivery-channel-file>.json ``` 5. Start the configuration recorder by running the following command: ``` aws configservice start-configuration-recorder --configuration-recorder-name <config-recorder-name> ```;Process to evaluate AWS Config configuration per region: **From Console:** 1. Sign in to the AWS Management Console and open the AWS Config console at [https://console.aws.amazon.com/config/](https://console.aws.amazon.com/config/). 1. On the top right of the console select the target region. 1. If a Config Recorder is enabled in this region, you should navigate to the Settings page from the navigation menu on the left-hand side. If a Config Recorder is not yet enabled in this region, proceed to the remediation steps. 1. Ensure Record all resources supported in this region is checked. 1. Ensure Include global resources (e.g., AWS IAM resources) is checked, unless it is enabled in another region (this is only required in one region). 1. Ensure the correct S3 bucket has been defined. 1. Ensure the correct SNS topic has been defined. 1. Repeat steps 2 to 7 for each region. **From Command Line:** 1. Run this command to show all AWS Config Recorders and their properties: ``` aws configservice describe-configuration-recorders ``` 2. Evaluate the output to ensure that all recorders have a `recordingGroup` object which includes `allSupported: true`. Additionally, ensure that at least one recorder has `includeGlobalResourceTypes: true`. **Note:** There is one more parameter, ResourceTypes, in the recordingGroup object. We don't need to check it, as whenever we set allSupported to true, AWS enforces the resource types to be empty (ResourceTypes: []). Sample output: ``` {  ConfigurationRecorders: [  {  recordingGroup: {  allSupported: true,  resourceTypes: [],  includeGlobalResourceTypes: true  },  roleARN: arn:aws:iam::<AWS_Account_ID>:role/service-role/<config-role-name>,  name: default  }  ] } ``` 3. Run this command to show the status for all AWS Config Recorders: ``` aws configservice describe-configuration-recorder-status ``` 4. In the output, find recorders with `name` key matching the recorders that were evaluated in step 2. Ensure that they include `recording: true` and `lastStatus: SUCCESS`.;;;https://awscli.amazonaws.com/v2/documentation/api/latest/reference/configservice/describe-configuration-recorder-status.html:https://awscli.amazonaws.com/v2/documentation/api/latest/reference/configservice/describe-configuration-recorders.html:https://docs.aws.amazon.com/config/latest/developerguide/gs-cli-prereq.html;FAIL;AWS Config recorder 897154406216 is disabled.;arn:aws:config:us-west-1:897154406216:recorder;897154406216;config_recorder_all_regions_enabled;False;CIS;CIS Amazon Web Services Foundations Benchmark v5.0.0
aws;The CIS Amazon Web Services Foundations Benchmark provides prescriptive guidance for configuring security options for a subset of Amazon Web Services with an emphasis on foundational, testable, and architecture agnostic settings.;897154406216;us-west-2;2026-06-23 00:27:16.288386;3.3;Ensure AWS Config is enabled in all regions;3 Logging;;Level 2;Automated;AWS Config is a web service that performs configuration management of supported AWS resources within your account and delivers log files to you. The recorded information includes the configuration items (AWS resources), relationships between configuration items (AWS resources), and any configuration changes between resources. It is recommended that AWS Config be enabled in all regions.;The AWS configuration item history captured by AWS Config enables security analysis, resource change tracking, and compliance auditing.;Enabling AWS Config in all regions provides comprehensive visibility into resource configurations, enhancing security and compliance monitoring. However, this may incur additional costs and require proper configuration management.;To implement AWS Config configuration: **From Console:** 1. Select the region you want to focus on in the top right of the console. 2. Click `Services`. 3. Click `Config`. 4. If a Config Recorder is enabled in this region, navigate to the Settings page from the navigation menu on the left-hand side. If a Config Recorder is not yet enabled in this region, select Get Started. 5. Select Record all resources supported in this region. 6. Choose to include global resources (IAM resources). 7. Specify an S3 bucket in the same account or in another managed AWS account. 8. Create an SNS Topic from the same AWS account or another managed AWS account. **From Command Line:** 1. Ensure there is an appropriate S3 bucket, SNS topic, and IAM role per the [AWS Config Service prerequisites](http://docs.aws.amazon.com/config/latest/developerguide/gs-cli-prereq.html). 2. Run this command to create a new configuration recorder: ``` aws configservice put-configuration-recorder --configuration-recorder name=<config-recorder-name>,roleARN=arn:aws:iam::<account-id>:role/<iam-role> --recording-group allSupported=true,includeGlobalResourceTypes=true ``` 3. Create a delivery channel configuration file locally which specifies the channel attributes, populated from the prerequisites set up previously: ``` {  name: <delivery-channel-name>,  s3BucketName: <bucket-name>,  snsTopicARN: arn:aws:sns:<region>:<account-id>:<sns-topic>,  configSnapshotDeliveryProperties: {  deliveryFrequency: Twelve_Hours  } } ``` 4. Run this command to create a new delivery channel, referencing the json configuration file made in the previous step: ``` aws configservice put-delivery-channel --delivery-channel file://<delivery-channel-file>.json ``` 5. Start the configuration recorder by running the following command: ``` aws configservice start-configuration-recorder --configuration-recorder-name <config-recorder-name> ```;Process to evaluate AWS Config configuration per region: **From Console:** 1. Sign in to the AWS Management Console and open the AWS Config console at [https://console.aws.amazon.com/config/](https://console.aws.amazon.com/config/). 1. On the top right of the console select the target region. 1. If a Config Recorder is enabled in this region, you should navigate to the Settings page from the navigation menu on the left-hand side. If a Config Recorder is not yet enabled in this region, proceed to the remediation steps. 1. Ensure Record all resources supported in this region is checked. 1. Ensure Include global resources (e.g., AWS IAM resources) is checked, unless it is enabled in another region (this is only required in one region). 1. Ensure the correct S3 bucket has been defined. 1. Ensure the correct SNS topic has been defined. 1. Repeat steps 2 to 7 for each region. **From Command Line:** 1. Run this command to show all AWS Config Recorders and their properties: ``` aws configservice describe-configuration-recorders ``` 2. Evaluate the output to ensure that all recorders have a `recordingGroup` object which includes `allSupported: true`. Additionally, ensure that at least one recorder has `includeGlobalResourceTypes: true`. **Note:** There is one more parameter, ResourceTypes, in the recordingGroup object. We don't need to check it, as whenever we set allSupported to true, AWS enforces the resource types to be empty (ResourceTypes: []). Sample output: ``` {  ConfigurationRecorders: [  {  recordingGroup: {  allSupported: true,  resourceTypes: [],  includeGlobalResourceTypes: true  },  roleARN: arn:aws:iam::<AWS_Account_ID>:role/service-role/<config-role-name>,  name: default  }  ] } ``` 3. Run this command to show the status for all AWS Config Recorders: ``` aws configservice describe-configuration-recorder-status ``` 4. In the output, find recorders with `name` key matching the recorders that were evaluated in step 2. Ensure that they include `recording: true` and `lastStatus: SUCCESS`.;;;https://awscli.amazonaws.com/v2/documentation/api/latest/reference/configservice/describe-configuration-recorder-status.html:https://awscli.amazonaws.com/v2/documentation/api/latest/reference/configservice/describe-configuration-recorders.html:https://docs.aws.amazon.com/config/latest/developerguide/gs-cli-prereq.html;FAIL;AWS Config recorder 897154406216 is disabled.;arn:aws:config:us-west-2:897154406216:recorder;897154406216;config_recorder_all_regions_enabled;False;CIS;CIS Amazon Web Services Foundations Benchmark v5.0.0
aws;The CIS Amazon Web Services Foundations Benchmark provides prescriptive guidance for configuring security options for a subset of Amazon Web Services with an emphasis on foundational, testable, and architecture agnostic settings.;897154406216;us-east-1;2026-06-23 00:27:16.288386;1.6;Eliminate use of the 'root' user for administrative and daily tasks;1 Identity and Access Management;;Level 1;Manual;With the creation of an AWS account, a 'root user' is created that cannot be disabled or deleted. That user has unrestricted access to and control over all resources in the AWS account. It is highly recommended that the use of this account be avoided for everyday tasks.;The 'root user' has unrestricted access to and control over all account resources. Use of it is inconsistent with the principles of least privilege and separation of duties, and can lead to unnecessary harm due to error or account compromise.;;If you find that the 'root' user account is being used for daily activities, including administrative tasks that do not require the 'root' user: 1. Change the 'root' user password. 2. Deactivate or delete any access keys associated with the 'root' user. Remember, anyone who has 'root' user credentials for your AWS account has unrestricted access to and control of all the resources in your account, including billing information.;**From Console:** 1. Login to the AWS Management Console at `https://console.aws.amazon.com/iam/`. 2. In the left pane, click `Credential Report`. 3. Click on `Download Report`. 4. Open or Save the file locally. 5. Locate the `<root account>` under the user column. 6. Review `password_last_used, access_key_1_last_used_date, access_key_2_last_used_date` to determine when the 'root user' was last used. **From Command Line:** Run the following CLI commands to provide a credential report for determining the last time the 'root user' was used: ``` aws iam generate-credential-report ``` ``` aws iam get-credential-report --query 'Content' --output text | base64 -d | cut -d, -f1,5,11,16 | grep -B1 '<root_account>' ``` Review `password_last_used`, `access_key_1_last_used_date`, `access_key_2_last_used_date` to determine when the _root user_ was last used. **Note:** There are a few conditions under which the use of the 'root' user account is required. Please see the reference links for all of the tasks that require use of the 'root' user.;The 'root' user for us-gov cloud regions is not enabled by default. However, on request to AWS support, they can enable the 'root' user and grant access only through access-keys (CLI, API methods) for us-gov cloud region. If the 'root' user for us-gov cloud regions is enabled, this recommendation is applicable. Monitoring usage of the 'root' user can be accomplished by implementing recommendation 3.3 Ensure a log metric filter and alarm exist for usage of the 'root' user.;;https://docs.aws.amazon.com/IAM/latest/UserGuide/best-practices.html:https://docs.aws.amazon.com/IAM/latest/UserGuide/id_root-user.html:https://docs.aws.amazon.com/general/latest/gr/aws_tasks-that-require-root.html;PASS;Root user in the account wasn't accessed in the last 1 days.;arn:aws:iam::897154406216:root;<root_account>;iam_avoid_root_usage;False;CIS;CIS Amazon Web Services Foundations Benchmark v5.0.0
aws;The CIS Amazon Web Services Foundations Benchmark provides prescriptive guidance for configuring security options for a subset of Amazon Web Services with an emphasis on foundational, testable, and architecture agnostic settings.;897154406216;us-east-1;2026-06-23 00:27:16.288386;1.15;Ensure IAM policies that allow full *:* administrative privileges are not attached;1 Identity and Access Management;;Level 1;Automated;IAM policies are the means by which privileges are granted to users, groups, or roles. It is recommended and considered standard security advice to grant least privilege—that is, granting only the permissions required to perform a task. Determine what users need to do, and then craft policies for them that allow the users to perform only those tasks, instead of granting full administrative privileges.;It's more secure to start with a minimum set of permissions and grant additional permissions as necessary, rather than starting with permissions that are too lenient and then attempting to tighten them later. Providing full administrative privileges instead of restricting access to the minimum set of permissions required for the user exposes resources to potentially unwanted actions. IAM policies that contain a statement with `Effect: Allow` and `Action: *` over `Resource: *` should be removed.;;**From Console:** Perform the following to detach the policy that has full administrative privileges: 1. Sign in to the AWS Management Console and open the IAM console at [https://console.aws.amazon.com/iam/](https://console.aws.amazon.com/iam/). 2. In the navigation pane, click Policies and then search for the policy name found in the audit step. 3. Select the policy that needs to be deleted. 4. In the policy action menu, select `Detach`.  5. Select all Users, Groups, Roles that have this policy attached. 6. Click `Detach Policy`. 7. Select the newly detached policy and select `Delete`. **From Command Line:** Perform the following to detach the policy that has full administrative privileges as found in the audit step: 1. Lists all IAM users, groups, and roles that the specified managed policy is attached to. ```  aws iam list-entities-for-policy --policy-arn <policy_arn> ``` 2. Detach the policy from all IAM Users: ```  aws iam detach-user-policy --user-name <iam_user> --policy-arn <policy_arn> ``` 3. Detach the policy from all IAM Groups: ```  aws iam detach-group-policy --group-name <iam_group> --policy-arn <policy_arn> ``` 4. Detach the policy from all IAM Roles: ```  aws iam detach-role-policy --role-name <iam_role> --policy-arn <policy_arn> ```;Perform the following to determine existing policies: **From Command Line:** 1. Run the following to get a list of IAM policies: ```  aws iam list-policies --only-attached --output text ``` 2. For each policy returned, run the following command to determine if any policy is allowing full administrative privileges on the account: ```  aws iam get-policy-version --policy-arn <policy_arn> --version-id <version> ``` 3. In the output, the policy should not contain any Statement block with `Effect: Allow` and `Action` set to `*` and `Resource` set to `*`.;;;https://docs.aws.amazon.com/IAM/latest/UserGuide/best-practices.html:https://docs.aws.amazon.com/IAM/latest/UserGuide/access_policies_managed-vs-inline.html:https://docs.aws.amazon.com/cli/latest/reference/iam/index.html#cli-aws-iam;PASS;AWS policy AWSTrustedAdvisorServiceRolePolicy is attached but does not allow '*:*' administrative privileges.;arn:aws:iam::aws:policy/aws-service-role/AWSTrustedAdvisorServiceRolePolicy;AWSTrustedAdvisorServiceRolePolicy;iam_aws_attached_policy_no_administrative_privileges;False;CIS;CIS Amazon Web Services Foundations Benchmark v5.0.0
aws;The CIS Amazon Web Services Foundations Benchmark provides prescriptive guidance for configuring security options for a subset of Amazon Web Services with an emphasis on foundational, testable, and architecture agnostic settings.;897154406216;us-east-1;2026-06-23 00:27:16.288386;1.15;Ensure IAM policies that allow full *:* administrative privileges are not attached;1 Identity and Access Management;;Level 1;Automated;IAM policies are the means by which privileges are granted to users, groups, or roles. It is recommended and considered standard security advice to grant least privilege—that is, granting only the permissions required to perform a task. Determine what users need to do, and then craft policies for them that allow the users to perform only those tasks, instead of granting full administrative privileges.;It's more secure to start with a minimum set of permissions and grant additional permissions as necessary, rather than starting with permissions that are too lenient and then attempting to tighten them later. Providing full administrative privileges instead of restricting access to the minimum set of permissions required for the user exposes resources to potentially unwanted actions. IAM policies that contain a statement with `Effect: Allow` and `Action: *` over `Resource: *` should be removed.;;**From Console:** Perform the following to detach the policy that has full administrative privileges: 1. Sign in to the AWS Management Console and open the IAM console at [https://console.aws.amazon.com/iam/](https://console.aws.amazon.com/iam/). 2. In the navigation pane, click Policies and then search for the policy name found in the audit step. 3. Select the policy that needs to be deleted. 4. In the policy action menu, select `Detach`.  5. Select all Users, Groups, Roles that have this policy attached. 6. Click `Detach Policy`. 7. Select the newly detached policy and select `Delete`. **From Command Line:** Perform the following to detach the policy that has full administrative privileges as found in the audit step: 1. Lists all IAM users, groups, and roles that the specified managed policy is attached to. ```  aws iam list-entities-for-policy --policy-arn <policy_arn> ``` 2. Detach the policy from all IAM Users: ```  aws iam detach-user-policy --user-name <iam_user> --policy-arn <policy_arn> ``` 3. Detach the policy from all IAM Groups: ```  aws iam detach-group-policy --group-name <iam_group> --policy-arn <policy_arn> ``` 4. Detach the policy from all IAM Roles: ```  aws iam detach-role-policy --role-name <iam_role> --policy-arn <policy_arn> ```;Perform the following to determine existing policies: **From Command Line:** 1. Run the following to get a list of IAM policies: ```  aws iam list-policies --only-attached --output text ``` 2. For each policy returned, run the following command to determine if any policy is allowing full administrative privileges on the account: ```  aws iam get-policy-version --policy-arn <policy_arn> --version-id <version> ``` 3. In the output, the policy should not contain any Statement block with `Effect: Allow` and `Action` set to `*` and `Resource` set to `*`.;;;https://docs.aws.amazon.com/IAM/latest/UserGuide/best-practices.html:https://docs.aws.amazon.com/IAM/latest/UserGuide/access_policies_managed-vs-inline.html:https://docs.aws.amazon.com/cli/latest/reference/iam/index.html#cli-aws-iam;FAIL;AWS policy AdministratorAccess is attached and allows '*:*' administrative privileges.;arn:aws:iam::aws:policy/AdministratorAccess;AdministratorAccess;iam_aws_attached_policy_no_administrative_privileges;False;CIS;CIS Amazon Web Services Foundations Benchmark v5.0.0
aws;The CIS Amazon Web Services Foundations Benchmark provides prescriptive guidance for configuring security options for a subset of Amazon Web Services with an emphasis on foundational, testable, and architecture agnostic settings.;897154406216;us-east-1;2026-06-23 00:27:16.288386;1.15;Ensure IAM policies that allow full *:* administrative privileges are not attached;1 Identity and Access Management;;Level 1;Automated;IAM policies are the means by which privileges are granted to users, groups, or roles. It is recommended and considered standard security advice to grant least privilege—that is, granting only the permissions required to perform a task. Determine what users need to do, and then craft policies for them that allow the users to perform only those tasks, instead of granting full administrative privileges.;It's more secure to start with a minimum set of permissions and grant additional permissions as necessary, rather than starting with permissions that are too lenient and then attempting to tighten them later. Providing full administrative privileges instead of restricting access to the minimum set of permissions required for the user exposes resources to potentially unwanted actions. IAM policies that contain a statement with `Effect: Allow` and `Action: *` over `Resource: *` should be removed.;;**From Console:** Perform the following to detach the policy that has full administrative privileges: 1. Sign in to the AWS Management Console and open the IAM console at [https://console.aws.amazon.com/iam/](https://console.aws.amazon.com/iam/). 2. In the navigation pane, click Policies and then search for the policy name found in the audit step. 3. Select the policy that needs to be deleted. 4. In the policy action menu, select `Detach`.  5. Select all Users, Groups, Roles that have this policy attached. 6. Click `Detach Policy`. 7. Select the newly detached policy and select `Delete`. **From Command Line:** Perform the following to detach the policy that has full administrative privileges as found in the audit step: 1. Lists all IAM users, groups, and roles that the specified managed policy is attached to. ```  aws iam list-entities-for-policy --policy-arn <policy_arn> ``` 2. Detach the policy from all IAM Users: ```  aws iam detach-user-policy --user-name <iam_user> --policy-arn <policy_arn> ``` 3. Detach the policy from all IAM Groups: ```  aws iam detach-group-policy --group-name <iam_group> --policy-arn <policy_arn> ``` 4. Detach the policy from all IAM Roles: ```  aws iam detach-role-policy --role-name <iam_role> --policy-arn <policy_arn> ```;Perform the following to determine existing policies: **From Command Line:** 1. Run the following to get a list of IAM policies: ```  aws iam list-policies --only-attached --output text ``` 2. For each policy returned, run the following command to determine if any policy is allowing full administrative privileges on the account: ```  aws iam get-policy-version --policy-arn <policy_arn> --version-id <version> ``` 3. In the output, the policy should not contain any Statement block with `Effect: Allow` and `Action` set to `*` and `Resource` set to `*`.;;;https://docs.aws.amazon.com/IAM/latest/UserGuide/best-practices.html:https://docs.aws.amazon.com/IAM/latest/UserGuide/access_policies_managed-vs-inline.html:https://docs.aws.amazon.com/cli/latest/reference/iam/index.html#cli-aws-iam;PASS;AWS policy AWSSupportServiceRolePolicy is attached but does not allow '*:*' administrative privileges.;arn:aws:iam::aws:policy/aws-service-role/AWSSupportServiceRolePolicy;AWSSupportServiceRolePolicy;iam_aws_attached_policy_no_administrative_privileges;False;CIS;CIS Amazon Web Services Foundations Benchmark v5.0.0
aws;The CIS Amazon Web Services Foundations Benchmark provides prescriptive guidance for configuring security options for a subset of Amazon Web Services with an emphasis on foundational, testable, and architecture agnostic settings.;897154406216;us-east-1;2026-06-23 00:27:16.288386;1.20;Ensure IAM users are managed centrally via identity federation or AWS Organizations for multi-account environments;1 Identity and Access Management;;Level 2;Manual;In multi-account environments, IAM user centralization facilitates greater user control. User access beyond the initial account is then provided via role assumption. Centralization of users can be accomplished through federation with an external identity provider or through the use of AWS Organizations.;Centralizing IAM user management to a single identity store reduces complexity and thus the likelihood of access management errors.;;The remediation procedure will vary based on each individual organization's implementation of identity federation and/or AWS Organizations, with the acceptance criteria that no non-service IAM users and non-root accounts are present outside the account providing centralized IAM user management.;For multi-account AWS environments with an external identity provider: 1. Determine the master account for identity federation or IAM user management 2. Login to that account through the AWS Management Console 3. Click `Services`  4. Click `IAM`  5. Click `Identity providers` 6. Verify the configuration For multi-account AWS environments with an external identity provider, as well as for those implementing AWS Organizations without an external identity provider: 1. Determine all accounts that should not have local users present 2. Log into the AWS Management Console 3. Switch role into each identified account 4. Click `Services`  5. Click `IAM`  6. Click `Users` 7. Confirm that no IAM users representing individuals are present;;;;FAIL;No SAML Providers found.;arn:aws:iam::897154406216:root;897154406216;iam_check_saml_providers_sts;False;CIS;CIS Amazon Web Services Foundations Benchmark v5.0.0
aws;The CIS Amazon Web Services Foundations Benchmark provides prescriptive guidance for configuring security options for a subset of Amazon Web Services with an emphasis on foundational, testable, and architecture agnostic settings.;897154406216;us-east-1;2026-06-23 00:27:16.288386;1.3;Ensure no 'root' user account access key exists;1 Identity and Access Management;;Level 1;Automated;The 'root' user account is the most privileged user in an AWS account. AWS Access Keys provide programmatic access to a given AWS account. It is recommended that all access keys associated with the 'root' user account be deleted.;Deleting access keys associated with the 'root' user account limits vectors by which the account can be compromised. Additionally, deleting the 'root' access keys encourages the creation and use of role based accounts that are least privileged.;;Perform the following to delete active 'root' user access keys. **From Console:** 1. Sign in to the AWS Management Console as 'root' and open the IAM console at [https://console.aws.amazon.com/iam/](https://console.aws.amazon.com/iam/). 2. Click on `<root_account>` at the top right and select `My Security Credentials` from the drop down list. 3. On the pop out screen Click on `Continue to Security Credentials`. 4. Click on `Access Keys` (Access Key ID and Secret Access Key). 5. If there are active keys, under `Status`, click `Delete` (Note: Deleted keys cannot be recovered). Note: While a key can be made inactive, this inactive key will still show up in the CLI command from the audit procedure, and may lead to the root user being falsely flagged as being non-compliant.;Perform the following to determine if the 'root' user account has access keys: **From Console:** 1. Login to the AWS Management Console. 2. Click `Services`. 3. Click `IAM`. 4. Click on `Credential Report`. 5. This will download a `.csv` file which contains credential usage for all IAM users within an AWS Account - open this file. 6. For the `<root_account>` user, ensure the `access_key_1_active` and `access_key_2_active` fields are set to `FALSE`. **From Command Line:** Run the following command: ``` aws iam get-account-summary | grep AccountAccessKeysPresent  ``` If no 'root' access keys exist the output will show `AccountAccessKeysPresent: 0,`.  If the output shows a 1, then 'root' keys exist and should be deleted.;- IAM User account root for us-gov cloud regions is not enabled by default. However, on request to AWS support enables 'root' access only through access-keys (CLI, API methods) for us-gov cloud region. - Implement regular checks and alerts for any creation of new root access keys to promptly address any unauthorized or accidental creation.;;http://docs.aws.amazon.com/general/latest/gr/aws-access-keys-best-practices.html:http://docs.aws.amazon.com/general/latest/gr/managing-aws-access-keys.html:http://docs.aws.amazon.com/IAM/latest/APIReference/API_GetAccountSummary.html:https://aws.amazon.com/blogs/security/an-easier-way-to-determine-the-presence-of-aws-account-access-keys/;PASS;Root account does not have access keys.;arn:aws:iam::897154406216:root;<root_account>;iam_no_root_access_key;False;CIS;CIS Amazon Web Services Foundations Benchmark v5.0.0
aws;The CIS Amazon Web Services Foundations Benchmark provides prescriptive guidance for configuring security options for a subset of Amazon Web Services with an emphasis on foundational, testable, and architecture agnostic settings.;897154406216;us-east-1;2026-06-23 00:27:16.288386;1.7;Ensure IAM password policy requires minimum length of 14 or greater;1 Identity and Access Management;;Level 1;Automated;Password policies are, in part, used to enforce password complexity requirements. IAM password policies can be used to ensure passwords are at least a given length. It is recommended that the password policy require a minimum password length 14.;Setting a password complexity policy increases account resiliency against brute force login attempts.;Enforcing a minimum password length of 14 characters enhances security by making passwords more resistant to brute force attacks. However, it may require users to create longer and potentially more complex passwords, which could impact user convenience.;Perform the following to set the password policy as prescribed: **From Console:** 1. Login to AWS Console (with appropriate permissions to View Identity Access Management Account Settings) 2. Go to IAM Service on the AWS Console 3. Click on Account Settings on the Left Pane 4. Set Minimum password length to `14` or greater. 5. Click Apply password policy **From Command Line:** ```  aws iam update-account-password-policy --minimum-password-length 14 ``` Note: All commands starting with aws iam update-account-password-policy can be combined into a single command.;Perform the following to ensure the password policy is configured as prescribed: **From Console:** 1. Login to AWS Console (with appropriate permissions to View Identity Access Management Account Settings) 2. Go to IAM Service on the AWS Console 3. Click on Account Settings on the Left Pane 4. Ensure Minimum password length is set to 14 or greater. **From Command Line:** ``` aws iam get-account-password-policy ``` Ensure the output of the above command includes MinimumPasswordLength: 14 (or higher);Ensure the password policy also includes requirements for password complexity, such as the inclusion of uppercase letters, lowercase letters, numbers, and special characters: ``` aws iam update-account-password-policy --require-uppercase-characters --require-lowercase-characters --require-numbers --require-symbols ```;;https://docs.aws.amazon.com/IAM/latest/UserGuide/id_credentials_passwords_account-policy.html:https://docs.aws.amazon.com/IAM/latest/UserGuide/best-practices.html#configure-strong-password-policy;FAIL;IAM password policy does not require minimum length of 14 characters.;arn:aws:iam:us-east-1:897154406216:password-policy;897154406216;iam_password_policy_minimum_length_14;False;CIS;CIS Amazon Web Services Foundations Benchmark v5.0.0
aws;The CIS Amazon Web Services Foundations Benchmark provides prescriptive guidance for configuring security options for a subset of Amazon Web Services with an emphasis on foundational, testable, and architecture agnostic settings.;897154406216;us-east-1;2026-06-23 00:27:16.288386;1.8;Ensure IAM password policy prevents password reuse;1 Identity and Access Management;;Level 1;Automated;IAM password policies can prevent the reuse of a given password by the same user. It is recommended that the password policy prevent the reuse of passwords.;Preventing password reuse increases account resiliency against brute force login attempts.;;Perform the following to set the password policy as prescribed: **From Console:** 1. Login to AWS Console (with appropriate permissions to View Identity Access Management Account Settings) 2. Go to IAM Service on the AWS Console 3. Click on Account Settings on the Left Pane 4. Check Prevent password reuse 5. Set Number of passwords to remember is set to `24`  **From Command Line:** ```  aws iam update-account-password-policy --password-reuse-prevention 24 ``` Note: All commands starting with aws iam update-account-password-policy can be combined into a single command.;Perform the following to ensure the password policy is configured as prescribed: **From Console:** 1. Login to AWS Console (with appropriate permissions to View Identity Access Management Account Settings) 2. Go to IAM Service on the AWS Console 3. Click on Account Settings on the Left Pane 4. Ensure Prevent password reuse is checked 5. Ensure Number of passwords to remember is set to 24 **From Command Line:** ``` aws iam get-account-password-policy  ``` Ensure the output of the above command includes PasswordReusePrevention: 24;;;https://docs.aws.amazon.com/IAM/latest/UserGuide/id_credentials_passwords_account-policy.html:https://docs.aws.amazon.com/IAM/latest/UserGuide/best-practices.html#configure-strong-password-policy;FAIL;IAM password policy reuse prevention is less than 24 or not set.;arn:aws:iam:us-east-1:897154406216:password-policy;897154406216;iam_password_policy_reuse_24;False;CIS;CIS Amazon Web Services Foundations Benchmark v5.0.0
aws;The CIS Amazon Web Services Foundations Benchmark provides prescriptive guidance for configuring security options for a subset of Amazon Web Services with an emphasis on foundational, testable, and architecture agnostic settings.;897154406216;us-east-1;2026-06-23 00:27:16.288386;1.14;Ensure IAM users receive permissions only through groups;1 Identity and Access Management;;Level 1;Automated;"IAM users are granted access to services, functions, and data through IAM policies. There are four ways to define policies for a user: 1) Edit the user policy directly, also known as an inline or user policy; 2) attach a policy directly to a user; 3) add the user to an IAM group that has an attached policy; 4) add the user to an IAM group that has an inline policy. Only the third implementation is recommended.";Assigning IAM policies solely through groups unifies permissions management into a single, flexible layer that is consistent with organizational functional roles. By unifying permissions management, the likelihood of excessive permissions is reduced.;;"Perform the following to create an IAM group and assign a policy to it: 1. Sign in to the AWS Management Console and open the IAM console at [https://console.aws.amazon.com/iam/](https://console.aws.amazon.com/iam/). 2. In the navigation pane, click `Groups` and then click `Create New Group`. 3. In the `Group Name` box, type the name of the group and then click `Next Step`. 4. In the list of policies, select the check box for each policy that you want to apply to all members of the group. Then click `Next Step`. 5. Click `Create Group`. Perform the following to add a user to a given group: 1. Sign in to the AWS Management Console and open the IAM console at [https://console.aws.amazon.com/iam/](https://console.aws.amazon.com/iam/). 2. In the navigation pane, click `Groups`. 3. Select the group to add a user to. 4. Click `Add Users To Group`. 5. Select the users to be added to the group. 6. Click `Add Users`. Perform the following to remove a direct association between a user and policy: 1. Sign in to the AWS Management Console and open the IAM console at [https://console.aws.amazon.com/iam/](https://console.aws.amazon.com/iam/). 2. In the left navigation pane, click on Users. 3. For each user:  - Select the user  - Click on the `Permissions` tab  - Expand `Permissions policies`   - Click `X` for each policy; then click Detach or Remove (depending on policy type)";Perform the following to determine if an inline policy is set or a policy is directly attached to users: 1. Run the following to get a list of IAM users: ```  aws iam list-users --query 'Users[*].UserName' --output text  ``` 2. For each user returned, run the following command to determine if any policies are attached to them: ```  aws iam list-attached-user-policies --user-name <iam_user>  aws iam list-user-policies --user-name <iam_user>  ``` 3. If any policies are returned, the user has an inline policy or direct policy attachment.;;;http://docs.aws.amazon.com/IAM/latest/UserGuide/best-practices.html:http://docs.aws.amazon.com/IAM/latest/UserGuide/access_policies_managed-vs-inline.html;FAIL;User lab-admin has the policy AdministratorAccess attached.;arn:aws:iam::897154406216:user/lab-admin;lab-admin/AdministratorAccess;iam_policy_attached_only_to_group_or_roles;False;CIS;CIS Amazon Web Services Foundations Benchmark v5.0.0
aws;The CIS Amazon Web Services Foundations Benchmark provides prescriptive guidance for configuring security options for a subset of Amazon Web Services with an emphasis on foundational, testable, and architecture agnostic settings.;897154406216;us-east-1;2026-06-23 00:27:16.288386;1.21;Ensure access to AWSCloudShellFullAccess is restricted;1 Identity and Access Management;;Level 1;Manual;"AWS CloudShell is a convenient way of running CLI commands against AWS services; a managed IAM policy ('AWSCloudShellFullAccess') provides full access to CloudShell, which allows file upload and download capability between a user's local system and the CloudShell environment. Within the CloudShell environment, a user has sudo permissions and can access the internet. Therefore, it is feasible to install file transfer software, for example, and move data from CloudShell to external internet servers.";Access to this policy should be restricted, as it presents a potential channel for data exfiltration by malicious cloud admins who are given full permissions to the service. AWS documentation describes how to create a more restrictive IAM policy that denies file transfer permissions.;;**From Console** 1. Open the IAM console at https://console.aws.amazon.com/iam/ 2. In the left pane, select Policies 3. Search for and select AWSCloudShellFullAccess 4. On the Entities attached tab, for each item, check the box and select Detach;**From Console** 1. Open the IAM console at https://console.aws.amazon.com/iam/ 2. In the left pane, select Policies 3. Search for and select AWSCloudShellFullAccess 4. On the Entities attached tab, ensure that there are no entities using this policy **From Command Line** 1. List IAM policies, filter for the 'AWSCloudShellFullAccess' managed policy, and note the Arn element value: ``` aws iam list-policies --query Policies[?PolicyName == 'AWSCloudShellFullAccess'] ``` 2. Check if the 'AWSCloudShellFullAccess' policy is attached to any role: ``` aws iam list-entities-for-policy --policy-arn arn:aws:iam::aws:policy/AWSCloudShellFullAccess ``` 3. In the output, ensure PolicyRoles returns empty. 'Example: Example: PolicyRoles: [ ]' If it does not return empty, refer to the remediation below. **Note:** Keep in mind that other policies may grant access.;;;https://docs.aws.amazon.com/cloudshell/latest/userguide/sec-auth-with-identities.html;PASS;AWS CloudShellFullAccess policy is not attached to any IAM entity.;arn:aws:iam::aws:policy/AWSCloudShellFullAccess;897154406216;iam_policy_cloudshell_admin_not_attached;False;CIS;CIS Amazon Web Services Foundations Benchmark v5.0.0
aws;The CIS Amazon Web Services Foundations Benchmark provides prescriptive guidance for configuring security options for a subset of Amazon Web Services with an emphasis on foundational, testable, and architecture agnostic settings.;897154406216;us-east-1;2026-06-23 00:27:16.288386;1.5;Ensure hardware MFA is enabled for the 'root' user account;1 Identity and Access Management;;Level 2;Manual;The 'root' user account is the most privileged user in an AWS account. MFA adds an extra layer of protection on top of a user name and password. With MFA enabled, when a user signs in to an AWS website, they will be prompted for their user name and password as well as for an authentication code from their AWS MFA device. For Level 2, it is recommended that the 'root' user account be protected with a hardware MFA. Where an AWS Organization is using centralized root access, root credentials can be removed from member accounts. In that case it is neither possible nor necessary to configure root MFA in the member account.;A hardware MFA has a smaller attack surface than a virtual MFA. For example, a hardware MFA does not suffer the attack surface introduced by the mobile smartphone on which a virtual MFA resides. **Note**: Using hardware MFA for numerous AWS accounts may create a logistical device management issue. If this is the case, consider implementing this Level 2 recommendation selectively for the highest security AWS accounts, while applying the Level 1 recommendation to the remaining accounts.;;**Note:** To manage MFA devices for the AWS 'root' user account, you must use your 'root' account credentials to sign in to AWS. You cannot manage MFA devices for the 'root' account using other credentials. Perform the following to establish a hardware MFA for the 'root' user account: 1. Sign in to the AWS Management Console and open the IAM console at [https://console.aws.amazon.com/iam/](https://console.aws.amazon.com/iam/). 2. Choose `Dashboard`, and under `Security Status`, expand `Activate MFA` on your root account. 3. Choose `Activate MFA`. 4. In the wizard, choose `A hardware MFA` device and then choose `Next Step`. 5. In the `Serial Number` box, enter the serial number that is found on the back of the MFA device. 6. In the `Authentication Code 1` box, enter the six-digit number displayed by the MFA device. You might need to press the button on the front of the device to display the number. 7. Wait 30 seconds while the device refreshes the code, and then enter the next six-digit number into the `Authentication Code 2` box. You might need to press the button on the front of the device again to display the second number. 8. Choose `Next Step`. The MFA device is now associated with the AWS account. The next time you use your AWS account credentials to sign in, you must type a code from the hardware MFA device. Remediation for this recommendation is not available through AWS CLI.;Perform the following to determine if the 'root' user account has a hardware MFA setup: 1. Run the following command to determine if the 'root' account has MFA setup: ```  aws iam get-account-summary | grep AccountMFAEnabled  aws iam get-account-summary | grep AccountPasswordPresent ``` The `AccountMFAEnabled` property is set to `1` will ensure that the 'root' user account has MFA (Virtual or Hardware) Enabled. `AccountPasswordPresent` set to `0` indicates that the `root` console credential has been removed. If `AccountMFAEnabled` property is set to `0` and `AccountPasswordPresent` is set to `1` the account is not compliant with this recommendation. 2. If `AccountMFAEnabled` property is set to `1`, determine 'root' account has Hardware MFA enabled. Run the following command to list all virtual MFA devices: ```  aws iam list-virtual-mfa-devices  ``` If the output contains one MFA with the following Serial Number, it means the MFA is virtual, not hardware and the account is not compliant with this recommendation:  `SerialNumber: arn:aws:iam::_<aws_account_number>_:mfa/root-account-mfa-device`;IAM User account 'root' for us-gov cloud regions does not have console access. This control is not applicable for us-gov cloud regions.;;https://docs.aws.amazon.com/IAM/latest/UserGuide/id_credentials_mfa_enable_virtual.html:https://docs.aws.amazon.com/IAM/latest/UserGuide/id_credentials_mfa_enable_physical.html#enable-hw-mfa-for-root:https://docs.aws.amazon.com/IAM/latest/UserGuide/id_root-enable-root-access.html;FAIL;MFA is not enabled for root account.;arn:aws:iam::897154406216:mfa;<root_account>;iam_root_hardware_mfa_enabled;False;CIS;CIS Amazon Web Services Foundations Benchmark v5.0.0
aws;The CIS Amazon Web Services Foundations Benchmark provides prescriptive guidance for configuring security options for a subset of Amazon Web Services with an emphasis on foundational, testable, and architecture agnostic settings.;897154406216;us-east-1;2026-06-23 00:27:16.288386;1.4;Ensure MFA is enabled for the 'root' user account;1 Identity and Access Management;;Level 1;Automated;The 'root' user account is the most privileged user in an AWS account. Multi-factor Authentication (MFA) adds an extra layer of protection on top of a username and password. With MFA enabled, when a user signs in to an AWS website, they will be prompted for their username and password as well as for an authentication code from their AWS MFA device. **Note:** When virtual MFA is used for 'root' accounts, it is recommended that the device used is NOT a personal device, but rather a dedicated mobile device (tablet or phone) that is kept charged and secured, independent of any individual personal devices (non-personal virtual MFA). This lessens the risks of losing access to the MFA due to device loss, device trade-in, or if the individual owning the device is no longer employed at the company. Where an AWS Organization is using centralized root access, root credentials can be removed from member accounts. In that case it is neither possible nor necessary to configure root MFA in the member account.;Enabling MFA provides increased security for console access as it requires the authenticating principal to possess a device that emits a time-sensitive key and have knowledge of a credential.;;**Note:** To manage MFA devices for the 'root' AWS account, you must use your 'root' account credentials to sign in to AWS. You cannot manage MFA devices for the 'root' account using other credentials. Perform the following to establish MFA for the 'root' user account: 1. Sign in to the AWS Management Console and open the IAM console at [https://console.aws.amazon.com/iam/](https://console.aws.amazon.com/iam/). 2. Choose `Dashboard` , and under `Security Status` , expand `Activate MFA` on your root account. 3. Choose `Activate MFA`  4. In the wizard, choose `A virtual MFA` device and then choose `Next Step` . 5. IAM generates and displays configuration information for the virtual MFA device, including a QR code graphic. The graphic is a representation of the 'secret configuration key' that is available for manual entry on devices that do not support QR codes. 6. Open your virtual MFA application. (For a list of apps that you can use for hosting virtual MFA devices, see [Virtual MFA Applications](http://aws.amazon.com/iam/details/mfa/#Virtual_MFA_Applications).) If the virtual MFA application supports multiple accounts (multiple virtual MFA devices), choose the option to create a new account (a new virtual MFA device). 7. Determine whether the MFA app supports QR codes, and then do one of the following:  - Use the app to scan the QR code. For example, you might choose the camera icon or choose an option similar to Scan code, and then use the device's camera to scan the code.  - In the Manage MFA Device wizard, choose Show secret key for manual configuration, and then type the secret configuration key into your MFA application. When you are finished, the virtual MFA device starts generating one-time passwords. In the Manage MFA Device wizard, in the Authentication Code 1 box, type the one-time password that currently appears in the virtual MFA device. Wait up to 30 seconds for the device to generate a new one-time password. Then type the second one-time password into the Authentication Code 2 box. Choose Assign Virtual MFA.;Perform the following to determine if the 'root' user account is enabled and has MFA setup: **From Console:** 1. Login to the AWS Management Console 2. Click `Services`  3. Click `IAM`  4. Click on `Credential Report`  5. This will download a `.csv` file which contains credential usage for all IAM users within an AWS Account - open this file 6. For the `<root_account>` user, ensure the `mfa_active` field is set to `TRUE` or the `password_enabled` field is set to `FALSE` **From Command Line:** 1. Run the following command: ```  aws iam get-account-summary | grep AccountMFAEnabled  aws iam get-account-summary | grep AccountPasswordPresent ``` 2. Ensure the AccountMFAEnabled property is set to 1 or the AccountPasswordPresent property is set to 0;IAM User account root for us-gov cloud regions does not have console access. This recommendation is not applicable for us-gov cloud regions.;;https://docs.aws.amazon.com/IAM/latest/UserGuide/id_root-user.html#id_root-user_manage_mfa:https://docs.aws.amazon.com/IAM/latest/UserGuide/id_credentials_mfa_enable_virtual.html#enable-virt-mfa-for-root:https://docs.aws.amazon.com/IAM/latest/UserGuide/id_root-enable-root-access.html;FAIL;MFA is not enabled for root account.;arn:aws:iam::897154406216:root;<root_account>;iam_root_mfa_enabled;False;CIS;CIS Amazon Web Services Foundations Benchmark v5.0.0
aws;The CIS Amazon Web Services Foundations Benchmark provides prescriptive guidance for configuring security options for a subset of Amazon Web Services with an emphasis on foundational, testable, and architecture agnostic settings.;897154406216;us-east-1;2026-06-23 00:27:16.288386;1.13;Ensure access keys are rotated every 90 days or less;1 Identity and Access Management;;Level 1;Automated;Access keys consist of an access key ID and secret access key, which are used to sign programmatic requests that you make to AWS. AWS users need their own access keys to make programmatic calls to AWS from the AWS Command Line Interface (AWS CLI), Tools for Windows PowerShell, the AWS SDKs, or direct HTTP calls using the APIs for individual AWS services. It is recommended that all access keys be rotated regularly.;Rotating access keys will reduce the window of opportunity for an access key that is associated with a compromised or terminated account to be used. Access keys should be rotated to ensure that data cannot be accessed with an old key which might have been lost, cracked, or stolen.;;Perform the following to rotate access keys: **From Console:** 1. Go to the Management Console (https://console.aws.amazon.com/iam) 2. Click on `Users` 3. Click on `Security Credentials`  4. As an Administrator   - Click on `Make Inactive` for keys that have not been rotated in `90` Days 5. As an IAM User  - Click on `Make Inactive` or `Delete` for keys which have not been rotated or used in `90` Days 6. Click on `Create Access Key`  7. Update programmatic calls with new Access Key credentials **From Command Line:** 1. While the first access key is still active, create a second access key, which is active by default. Run the following command: ``` aws iam create-access-key ``` At this point, the user has two active access keys. 2. Update all applications and tools to use the new access key. 3. Determine whether the first access key is still in use by using this command: ``` aws iam get-access-key-last-used ``` 4. One approach is to wait several days and then check the old access key for any use before proceeding. Even if step 3 indicates no use of the old key, it is recommended that you do not immediately delete the first access key. Instead, change the state of the first access key to Inactive using this command: ``` aws iam update-access-key ``` 5. Use only the new access key to confirm that your applications are working. Any applications and tools that still use the original access key will stop working at this point because they no longer have access to AWS resources. If you find such an application or tool, you can switch its state back to Active to reenable the first access key. Then return to step 2 and update this application to use the new key. 6. After you wait some period of time to ensure that all applications and tools have been updated, you can delete the first access key with this command: ``` aws iam delete-access-key ```;Perform the following to determine if access keys are rotated as prescribed: **From Console:** 1. Go to the Management Console (https://console.aws.amazon.com/iam) 2. Click on `Users` 3. For each user, go to `Security Credentials` 4. Review each key under `Access Keys` 5. For each key that shows `Active` for status, ensure that `Created` is less than or equal to `90 days ago`. **From Command Line:** ``` aws iam generate-credential-report aws iam get-credential-report --query 'Content' --output text | base64 -d ``` The `access_key_1_last_rotated` and the `access_key_2_last_rotated` fields in this file notes the date and time, in ISO 8601 date-time format, when the user's access key was created or last changed. If the user does not have an active access key, the value in this field is N/A (not applicable).;;;https://docs.aws.amazon.com/IAM/latest/UserGuide/best-practices.html#rotate-credentials:https://docs.aws.amazon.com/IAM/latest/UserGuide/id_credentials_finding-unused.html:https://docs.aws.amazon.com/general/latest/gr/managing-aws-access-keys.html:https://docs.aws.amazon.com/IAM/latest/UserGuide/id_credentials_access-keys.html;PASS;User <root_account> does not have access keys.;arn:aws:iam::897154406216:root;<root_account>;iam_rotate_access_key_90_days;False;CIS;CIS Amazon Web Services Foundations Benchmark v5.0.0
aws;The CIS Amazon Web Services Foundations Benchmark provides prescriptive guidance for configuring security options for a subset of Amazon Web Services with an emphasis on foundational, testable, and architecture agnostic settings.;897154406216;us-east-1;2026-06-23 00:27:16.288386;1.13;Ensure access keys are rotated every 90 days or less;1 Identity and Access Management;;Level 1;Automated;Access keys consist of an access key ID and secret access key, which are used to sign programmatic requests that you make to AWS. AWS users need their own access keys to make programmatic calls to AWS from the AWS Command Line Interface (AWS CLI), Tools for Windows PowerShell, the AWS SDKs, or direct HTTP calls using the APIs for individual AWS services. It is recommended that all access keys be rotated regularly.;Rotating access keys will reduce the window of opportunity for an access key that is associated with a compromised or terminated account to be used. Access keys should be rotated to ensure that data cannot be accessed with an old key which might have been lost, cracked, or stolen.;;Perform the following to rotate access keys: **From Console:** 1. Go to the Management Console (https://console.aws.amazon.com/iam) 2. Click on `Users` 3. Click on `Security Credentials`  4. As an Administrator   - Click on `Make Inactive` for keys that have not been rotated in `90` Days 5. As an IAM User  - Click on `Make Inactive` or `Delete` for keys which have not been rotated or used in `90` Days 6. Click on `Create Access Key`  7. Update programmatic calls with new Access Key credentials **From Command Line:** 1. While the first access key is still active, create a second access key, which is active by default. Run the following command: ``` aws iam create-access-key ``` At this point, the user has two active access keys. 2. Update all applications and tools to use the new access key. 3. Determine whether the first access key is still in use by using this command: ``` aws iam get-access-key-last-used ``` 4. One approach is to wait several days and then check the old access key for any use before proceeding. Even if step 3 indicates no use of the old key, it is recommended that you do not immediately delete the first access key. Instead, change the state of the first access key to Inactive using this command: ``` aws iam update-access-key ``` 5. Use only the new access key to confirm that your applications are working. Any applications and tools that still use the original access key will stop working at this point because they no longer have access to AWS resources. If you find such an application or tool, you can switch its state back to Active to reenable the first access key. Then return to step 2 and update this application to use the new key. 6. After you wait some period of time to ensure that all applications and tools have been updated, you can delete the first access key with this command: ``` aws iam delete-access-key ```;Perform the following to determine if access keys are rotated as prescribed: **From Console:** 1. Go to the Management Console (https://console.aws.amazon.com/iam) 2. Click on `Users` 3. For each user, go to `Security Credentials` 4. Review each key under `Access Keys` 5. For each key that shows `Active` for status, ensure that `Created` is less than or equal to `90 days ago`. **From Command Line:** ``` aws iam generate-credential-report aws iam get-credential-report --query 'Content' --output text | base64 -d ``` The `access_key_1_last_rotated` and the `access_key_2_last_rotated` fields in this file notes the date and time, in ISO 8601 date-time format, when the user's access key was created or last changed. If the user does not have an active access key, the value in this field is N/A (not applicable).;;;https://docs.aws.amazon.com/IAM/latest/UserGuide/best-practices.html#rotate-credentials:https://docs.aws.amazon.com/IAM/latest/UserGuide/id_credentials_finding-unused.html:https://docs.aws.amazon.com/general/latest/gr/managing-aws-access-keys.html:https://docs.aws.amazon.com/IAM/latest/UserGuide/id_credentials_access-keys.html;PASS;User lab-admin does not have access keys older than 90 days.;arn:aws:iam::897154406216:user/lab-admin;lab-admin;iam_rotate_access_key_90_days;False;CIS;CIS Amazon Web Services Foundations Benchmark v5.0.0
aws;The CIS Amazon Web Services Foundations Benchmark provides prescriptive guidance for configuring security options for a subset of Amazon Web Services with an emphasis on foundational, testable, and architecture agnostic settings.;897154406216;us-east-1;2026-06-23 00:27:16.288386;1.16;Ensure a support role has been created to manage incidents with AWS Support;1 Identity and Access Management;;Level 1;Automated;AWS provides a support center that can be used for incident notification and response, as well as technical support and customer services. Create an IAM Role, with the appropriate policy assigned, to allow authorized users to manage incidents with AWS Support.;By implementing least privilege for access control, an IAM Role will require an appropriate IAM Policy to allow Support Center Access in order to manage Incidents with AWS Support.;All AWS Support plans include an unlimited number of account and billing support cases, with no long-term contracts. Support billing calculations are performed on a per-account basis for all plans. Enterprise Support plan customers have the option to include multiple enabled accounts in an aggregated monthly billing calculation. Monthly charges for the Business and Enterprise support plans are based on each month's AWS usage charges, subject to a monthly minimum, billed in advance. When assigning rights, keep in mind that other policies may grant access to Support as well. This may include AdministratorAccess and other policies including customer managed policies. Utilizing the AWS managed 'AWSSupportAccess' role is one simple way of ensuring that this permission is properly granted. To better support the principle of separation of duties, it would be best to only attach this role where necessary.;**From Command Line:** 1. Create an IAM role for managing incidents with AWS:  - Create a trust relationship policy document that allows <iam_user> to manage AWS incidents, and save it locally as /tmp/TrustPolicy.json: ```  {  Version: 2012-10-17,  Statement: [  {  Effect: Allow,  Principal: {  AWS: <iam_user>  },  Action: sts:AssumeRole  }  ]  } ``` 2. Create the IAM role using the above trust policy: ``` aws iam create-role --role-name <aws_support_iam_role> --assume-role-policy-document file:///tmp/TrustPolicy.json ``` 3. Attach 'AWSSupportAccess' managed policy to the created IAM role: ``` aws iam attach-role-policy --policy-arn arn:aws:iam::aws:policy/AWSSupportAccess --role-name <aws_support_iam_role> ```;**From Command Line:** 1. List IAM policies, filter for the 'AWSSupportAccess' managed policy, and note the Arn element value: ``` aws iam list-policies --query Policies[?PolicyName == 'AWSSupportAccess'] ``` 2. Check if the 'AWSSupportAccess' policy is attached to any role: ``` aws iam list-entities-for-policy --policy-arn arn:aws:iam::aws:policy/AWSSupportAccess ``` 3. In the output, ensure `PolicyRoles` does not return empty. 'Example: Example: PolicyRoles: [ ]' If it returns empty refer to the remediation below.;AWSSupportAccess policy is a global AWS resource. It has same ARN as `arn:aws:iam::aws:policy/AWSSupportAccess` for every account.;;https://docs.aws.amazon.com/IAM/latest/UserGuide/access_policies_managed-vs-inline.html:https://aws.amazon.com/premiumsupport/pricing/:https://awscli.amazonaws.com/v2/documentation/api/latest/reference/iam/list-policies.html:https://awscli.amazonaws.com/v2/documentation/api/latest/reference/iam/attach-role-policy.html:https://awscli.amazonaws.com/v2/documentation/api/latest/reference/iam/list-entities-for-policy.html;FAIL;AWS Support Access policy is not attached to any role.;arn:aws:iam::aws:policy/AWSSupportAccess;897154406216;iam_support_role_created;False;CIS;CIS Amazon Web Services Foundations Benchmark v5.0.0
aws;The CIS Amazon Web Services Foundations Benchmark provides prescriptive guidance for configuring security options for a subset of Amazon Web Services with an emphasis on foundational, testable, and architecture agnostic settings.;897154406216;us-east-1;2026-06-23 00:27:16.288386;1.11;Ensure credentials unused for 45 days or more are disabled;1 Identity and Access Management;;Level 1;Automated;AWS IAM users can access AWS resources using different types of credentials, such as passwords or access keys. It is recommended that all credentials that have been unused for 45 days or more be deactivated or removed.;Disabling or removing unnecessary credentials will reduce the window of opportunity for credentials associated with a compromised or abandoned account to be used.;;**From Console:** Perform the following to manage Unused Password (IAM user console access) 1. Login to the AWS Management Console: 2. Click `Services`  3. Click `IAM`  4. Click on `Users`  5. Click on `Security Credentials`  6. Select user whose `Console last sign-in` is greater than 45 days 7. Click `Security credentials` 8. In section `Sign-in credentials`, `Console password` click `Manage`  9. Under Console Access select `Disable` 10. Click `Apply` Perform the following to deactivate Access Keys: 1. Login to the AWS Management Console: 2. Click `Services`  3. Click `IAM`  4. Click on `Users`  5. Click on `Security Credentials`  6. Select any access keys that are over 45 days old and that have been used and   - Click on `Make Inactive` 7. Select any access keys that are over 45 days old and that have not been used and   - Click the X to `Delete`;Perform the following to determine if unused credentials exist: **From Console:** 1. Login to the AWS Management Console 2. Click `Services`  3. Click `IAM` 4. Click on `Users` 5. Click the `Settings` (gear) icon. 6. Select `Console last sign-in`, `Access key last used`, and `Access Key Id` 7. Click on `Close`  8. Check and ensure that `Console last sign-in` is less than 45 days ago. **Note** - `Never` means the user has never logged in. 9. Check and ensure that `Access key age` is less than 45 days and that `Access key last used` does not say `None` If the user hasn't signed into the Console in the last 45 days or Access keys are over 45 days old refer to the remediation. **From Command Line:** **Download Credential Report:** 1. Run the following commands: ```  aws iam generate-credential-report  aws iam get-credential-report --query 'Content' --output text | base64 -d | cut -d, -f1,4,5,6,9,10,11,14,15,16 | grep -v '^<root_account>' ``` **Ensure unused credentials do not exist:** 2. For each user having `password_enabled` set to `TRUE` , ensure `password_last_used_date` is less than `45` days ago. - When `password_enabled` is set to `TRUE` and `password_last_used` is set to `No_Information` , ensure `password_last_changed` is less than 45 days ago. 3. For each user having an `access_key_1_active` or `access_key_2_active` to `TRUE` , ensure the corresponding `access_key_n_last_used_date` is less than `45` days ago. - When a user having an `access_key_x_active` (where x is 1 or 2) to `TRUE` and corresponding access_key_x_last_used_date is set to `N/A`, ensure `access_key_x_last_rotated` is less than 45 days ago.;<root_account> is excluded in the audit since the root account should not be used for day-to-day business and would likely be unused for more than 45 days.;;https://docs.aws.amazon.com/IAM/latest/UserGuide/best-practices.html#remove-credentials:https://docs.aws.amazon.com/IAM/latest/UserGuide/id_credentials_finding-unused.html:https://docs.aws.amazon.com/IAM/latest/UserGuide/id_credentials_passwords_admin-change-user.html:https://docs.aws.amazon.com/IAM/latest/UserGuide/id_credentials_access-keys.html;PASS;User <root_account> does not have access keys.;arn:aws:iam::897154406216:root;<root_account>;iam_user_accesskey_unused;False;CIS;CIS Amazon Web Services Foundations Benchmark v5.0.0
aws;The CIS Amazon Web Services Foundations Benchmark provides prescriptive guidance for configuring security options for a subset of Amazon Web Services with an emphasis on foundational, testable, and architecture agnostic settings.;897154406216;us-east-1;2026-06-23 00:27:16.288386;1.11;Ensure credentials unused for 45 days or more are disabled;1 Identity and Access Management;;Level 1;Automated;AWS IAM users can access AWS resources using different types of credentials, such as passwords or access keys. It is recommended that all credentials that have been unused for 45 days or more be deactivated or removed.;Disabling or removing unnecessary credentials will reduce the window of opportunity for credentials associated with a compromised or abandoned account to be used.;;**From Console:** Perform the following to manage Unused Password (IAM user console access) 1. Login to the AWS Management Console: 2. Click `Services`  3. Click `IAM`  4. Click on `Users`  5. Click on `Security Credentials`  6. Select user whose `Console last sign-in` is greater than 45 days 7. Click `Security credentials` 8. In section `Sign-in credentials`, `Console password` click `Manage`  9. Under Console Access select `Disable` 10. Click `Apply` Perform the following to deactivate Access Keys: 1. Login to the AWS Management Console: 2. Click `Services`  3. Click `IAM`  4. Click on `Users`  5. Click on `Security Credentials`  6. Select any access keys that are over 45 days old and that have been used and   - Click on `Make Inactive` 7. Select any access keys that are over 45 days old and that have not been used and   - Click the X to `Delete`;Perform the following to determine if unused credentials exist: **From Console:** 1. Login to the AWS Management Console 2. Click `Services`  3. Click `IAM` 4. Click on `Users` 5. Click the `Settings` (gear) icon. 6. Select `Console last sign-in`, `Access key last used`, and `Access Key Id` 7. Click on `Close`  8. Check and ensure that `Console last sign-in` is less than 45 days ago. **Note** - `Never` means the user has never logged in. 9. Check and ensure that `Access key age` is less than 45 days and that `Access key last used` does not say `None` If the user hasn't signed into the Console in the last 45 days or Access keys are over 45 days old refer to the remediation. **From Command Line:** **Download Credential Report:** 1. Run the following commands: ```  aws iam generate-credential-report  aws iam get-credential-report --query 'Content' --output text | base64 -d | cut -d, -f1,4,5,6,9,10,11,14,15,16 | grep -v '^<root_account>' ``` **Ensure unused credentials do not exist:** 2. For each user having `password_enabled` set to `TRUE` , ensure `password_last_used_date` is less than `45` days ago. - When `password_enabled` is set to `TRUE` and `password_last_used` is set to `No_Information` , ensure `password_last_changed` is less than 45 days ago. 3. For each user having an `access_key_1_active` or `access_key_2_active` to `TRUE` , ensure the corresponding `access_key_n_last_used_date` is less than `45` days ago. - When a user having an `access_key_x_active` (where x is 1 or 2) to `TRUE` and corresponding access_key_x_last_used_date is set to `N/A`, ensure `access_key_x_last_rotated` is less than 45 days ago.;<root_account> is excluded in the audit since the root account should not be used for day-to-day business and would likely be unused for more than 45 days.;;https://docs.aws.amazon.com/IAM/latest/UserGuide/best-practices.html#remove-credentials:https://docs.aws.amazon.com/IAM/latest/UserGuide/id_credentials_finding-unused.html:https://docs.aws.amazon.com/IAM/latest/UserGuide/id_credentials_passwords_admin-change-user.html:https://docs.aws.amazon.com/IAM/latest/UserGuide/id_credentials_access-keys.html;PASS;User lab-admin does not have unused access keys for 45 days.;arn:aws:iam::897154406216:user/lab-admin;lab-admin;iam_user_accesskey_unused;False;CIS;CIS Amazon Web Services Foundations Benchmark v5.0.0
aws;The CIS Amazon Web Services Foundations Benchmark provides prescriptive guidance for configuring security options for a subset of Amazon Web Services with an emphasis on foundational, testable, and architecture agnostic settings.;897154406216;us-east-1;2026-06-23 00:27:16.288386;1.11;Ensure credentials unused for 45 days or more are disabled;1 Identity and Access Management;;Level 1;Automated;AWS IAM users can access AWS resources using different types of credentials, such as passwords or access keys. It is recommended that all credentials that have been unused for 45 days or more be deactivated or removed.;Disabling or removing unnecessary credentials will reduce the window of opportunity for credentials associated with a compromised or abandoned account to be used.;;**From Console:** Perform the following to manage Unused Password (IAM user console access) 1. Login to the AWS Management Console: 2. Click `Services`  3. Click `IAM`  4. Click on `Users`  5. Click on `Security Credentials`  6. Select user whose `Console last sign-in` is greater than 45 days 7. Click `Security credentials` 8. In section `Sign-in credentials`, `Console password` click `Manage`  9. Under Console Access select `Disable` 10. Click `Apply` Perform the following to deactivate Access Keys: 1. Login to the AWS Management Console: 2. Click `Services`  3. Click `IAM`  4. Click on `Users`  5. Click on `Security Credentials`  6. Select any access keys that are over 45 days old and that have been used and   - Click on `Make Inactive` 7. Select any access keys that are over 45 days old and that have not been used and   - Click the X to `Delete`;Perform the following to determine if unused credentials exist: **From Console:** 1. Login to the AWS Management Console 2. Click `Services`  3. Click `IAM` 4. Click on `Users` 5. Click the `Settings` (gear) icon. 6. Select `Console last sign-in`, `Access key last used`, and `Access Key Id` 7. Click on `Close`  8. Check and ensure that `Console last sign-in` is less than 45 days ago. **Note** - `Never` means the user has never logged in. 9. Check and ensure that `Access key age` is less than 45 days and that `Access key last used` does not say `None` If the user hasn't signed into the Console in the last 45 days or Access keys are over 45 days old refer to the remediation. **From Command Line:** **Download Credential Report:** 1. Run the following commands: ```  aws iam generate-credential-report  aws iam get-credential-report --query 'Content' --output text | base64 -d | cut -d, -f1,4,5,6,9,10,11,14,15,16 | grep -v '^<root_account>' ``` **Ensure unused credentials do not exist:** 2. For each user having `password_enabled` set to `TRUE` , ensure `password_last_used_date` is less than `45` days ago. - When `password_enabled` is set to `TRUE` and `password_last_used` is set to `No_Information` , ensure `password_last_changed` is less than 45 days ago. 3. For each user having an `access_key_1_active` or `access_key_2_active` to `TRUE` , ensure the corresponding `access_key_n_last_used_date` is less than `45` days ago. - When a user having an `access_key_x_active` (where x is 1 or 2) to `TRUE` and corresponding access_key_x_last_used_date is set to `N/A`, ensure `access_key_x_last_rotated` is less than 45 days ago.;<root_account> is excluded in the audit since the root account should not be used for day-to-day business and would likely be unused for more than 45 days.;;https://docs.aws.amazon.com/IAM/latest/UserGuide/best-practices.html#remove-credentials:https://docs.aws.amazon.com/IAM/latest/UserGuide/id_credentials_finding-unused.html:https://docs.aws.amazon.com/IAM/latest/UserGuide/id_credentials_passwords_admin-change-user.html:https://docs.aws.amazon.com/IAM/latest/UserGuide/id_credentials_access-keys.html;PASS;User lab-admin does not have console access enabled or is unused.;arn:aws:iam::897154406216:user/lab-admin;lab-admin;iam_user_console_access_unused;False;CIS;CIS Amazon Web Services Foundations Benchmark v5.0.0
aws;The CIS Amazon Web Services Foundations Benchmark provides prescriptive guidance for configuring security options for a subset of Amazon Web Services with an emphasis on foundational, testable, and architecture agnostic settings.;897154406216;us-east-1;2026-06-23 00:27:16.288386;1.9;Ensure multi-factor authentication (MFA) is enabled for all IAM users that have a console password;1 Identity and Access Management;;Level 1;Automated;Multi-Factor Authentication (MFA) adds an extra layer of authentication assurance beyond traditional credentials. With MFA enabled, when a user signs in to the AWS Console, they will be prompted for their user name and password as well as for an authentication code from their physical or virtual MFA token. It is recommended that MFA be enabled for all accounts that have a console password.;Enabling MFA provides increased security for console access as it requires the authenticating principal to possess a device that displays a time-sensitive key and have knowledge of a credential.;AWS will soon end support for SMS multi-factor authentication (MFA). New customers are not allowed to use this feature. We recommend that existing customers switch to an alternative method of MFA.;Perform the following to enable MFA: **From Console:** 1. Sign in to the AWS Management Console and open the IAM console at 'https://console.aws.amazon.com/iam/' 2. In the left pane, select `Users`. 3. In the `User Name` list, choose the name of the intended MFA user. 4. Choose the `Security Credentials` tab, and then choose `Manage MFA Device`. 5. In the `Manage MFA Device wizard`, choose `Virtual MFA` device, and then choose `Continue`.  IAM generates and displays configuration information for the virtual MFA device, including a QR code graphic. The graphic is a representation of the 'secret configuration key' that is available for manual entry on devices that do not support QR codes. 6. Open your virtual MFA application. (For a list of apps that you can use for hosting virtual MFA devices, see Virtual MFA Applications at https://aws.amazon.com/iam/details/mfa/#Virtual_MFA_Applications). If the virtual MFA application supports multiple accounts (multiple virtual MFA devices), choose the option to create a new account (a new virtual MFA device). 7. Determine whether the MFA app supports QR codes, and then do one of the following:  - Use the app to scan the QR code. For example, you might choose the camera icon or choose an option similar to Scan code, and then use the device's camera to scan the code.  - In the Manage MFA Device wizard, choose Show secret key for manual configuration, and then type the secret configuration key into your MFA application.  When you are finished, the virtual MFA device starts generating one-time passwords. 8. In the `Manage MFA Device wizard`, in the `MFA Code 1 box`, type the `one-time password` that currently appears in the virtual MFA device. Wait up to 30 seconds for the device to generate a new one-time password. Then type the second `one-time password` into the `MFA Code 2 box`. 9. Click `Assign MFA`.;Perform the following to determine if a MFA device is enabled for all IAM users having a console password: **From Console:** 1. Open the IAM console at [https://console.aws.amazon.com/iam/](https://console.aws.amazon.com/iam/). 2. In the left pane, select `Users`  3. If the `MFA` or `Password age` columns are not visible in the table, click the gear icon at the upper right corner of the table and ensure a checkmark is next to both, then click `Close`. 4. Ensure that for each user where the `Password age` column shows a password age, the `MFA` column shows `Virtual`, `U2F Security Key`, or `Hardware`. **From Command Line:** 1. Run the following command (OSX/Linux/UNIX) to generate a list of all IAM users along with their password and MFA status: ```  aws iam generate-credential-report ``` ```  aws iam get-credential-report --query 'Content' --output text | base64 -d | cut -d, -f1,4,8  ``` 2. The output of this command will produce a table similar to the following: ```  user,password_enabled,mfa_active  elise,false,false  brandon,true,true  rakesh,false,false  helene,false,false  paras,true,true  anitha,false,false  ``` 3. For any column having `password_enabled` set to `true` , ensure `mfa_active` is also set to `true.`;"**Forced IAM User Self-Service Remediation** Amazon has published a pattern that requires users to set up MFA through self-service before they gain access to their complete set of permissions. Until they complete this step, they cannot access their full permissions. This pattern can be used for new AWS accounts. It can also be applied to existing accounts; it is recommended that users receive instructions and a grace period to complete MFA enrollment before active enforcement on existing AWS accounts.";;https://tools.ietf.org/html/rfc6238:https://docs.aws.amazon.com/IAM/latest/UserGuide/id_credentials_mfa.html:https://docs.aws.amazon.com/IAM/latest/UserGuide/best-practices.html#enable-mfa-for-privileged-users:https://docs.aws.amazon.com/IAM/latest/UserGuide/id_credentials_mfa_enable_virtual.html:https://blogs.aws.amazon.com/security/post/Tx2SJJYE082KBUK/How-to-Delegate-Management-of-Multi-Factor-Authentication-to-AWS-IAM-Users;PASS;User lab-admin does not have Console Password enabled.;arn:aws:iam::897154406216:user/lab-admin;lab-admin;iam_user_mfa_enabled_console_access;False;CIS;CIS Amazon Web Services Foundations Benchmark v5.0.0
aws;The CIS Amazon Web Services Foundations Benchmark provides prescriptive guidance for configuring security options for a subset of Amazon Web Services with an emphasis on foundational, testable, and architecture agnostic settings.;897154406216;us-east-1;2026-06-23 00:27:16.288386;1.1;Maintain current contact details;1 Identity and Access Management;;Level 1;Manual;"Ensure contact email and telephone details for AWS accounts are current and map to more than one individual in your organization. An AWS account supports a number of contact details, and AWS will use these to contact the account owner if activity judged to be in breach of the Acceptable Use Policy or indicative of a likely security compromise is observed by the AWS Abuse team. Contact details should not be for a single individual, as circumstances may arise where that individual is unavailable. Email contact details should point to a mail alias which forwards email to multiple individuals within the organization; where feasible, phone contact details should point to a PABX hunt group or other call-forwarding system.";If an AWS account is observed to be behaving in a prohibited or suspicious manner, AWS will attempt to contact the account owner by email and phone using the contact details listed. If this is unsuccessful and the account behavior needs urgent mitigation, proactive measures may be taken, including throttling of traffic between the account exhibiting suspicious behavior and the AWS API endpoints and the Internet. This will result in impaired service to and from the account in question, so it is in both the customers' and AWS's best interests that prompt contact can be established. This is best achieved by setting AWS account contact details to point to resources which have multiple individuals as recipients, such as email aliases and PABX hunt groups.;;This activity can only be performed via the AWS Console, with a user who has permission to read and write Billing information (aws-portal:\*Billing). 1. Sign in to the AWS Management Console and open the `Billing and Cost Management` console at https://console.aws.amazon.com/billing/home#/. 2. On the navigation bar, choose your account name, and then choose `Account`. 3. On the `Account Settings` page, next to `Account Settings`, choose `Edit`. 4. Next to the field that you need to update, choose `Edit`. 5. After you have entered your changes, choose `Save changes`. 6. After you have made your changes, choose `Done`. 7. To edit your contact information, under `Contact Information`, choose `Edit`. 8. For the fields that you want to change, type your updated information, and then choose `Update`.;This activity can only be performed via the AWS Console, with a user who has permission to read and write Billing information (aws-portal:\*Billing). 1. Sign in to the AWS Management Console and open the `Billing and Cost Management` console at https://console.aws.amazon.com/billing/home#/. 2. On the navigation bar, choose your account name, and then choose `Account`. 3. On the `Account Settings` page, review and verify the current details. 4. Under `Contact Information`, review and verify the current details.;;;https://docs.aws.amazon.com/awsaccountbilling/latest/aboutv2/manage-account-payment.html#contact-info;PASS;User <root_account> does not have access keys or uses the access keys configured.;arn:aws:iam::897154406216:root;<root_account>;iam_user_no_setup_initial_access_key;False;CIS;CIS Amazon Web Services Foundations Benchmark v5.0.0
aws;The CIS Amazon Web Services Foundations Benchmark provides prescriptive guidance for configuring security options for a subset of Amazon Web Services with an emphasis on foundational, testable, and architecture agnostic settings.;897154406216;us-east-1;2026-06-23 00:27:16.288386;1.1;Do not create access keys during initial setup for IAM users with a console password;1 Identity and Access Management;;Level 1;Manual;AWS console defaults to no check boxes selected when creating a new IAM user. When creating the IAM User credentials you have to determine what type of access they require.  Programmatic access: The IAM user might need to make API calls, use the AWS CLI, or use the Tools for Windows PowerShell. In that case, create an access key (access key ID and a secret access key) for that user.  AWS Management Console access: If the user needs to access the AWS Management Console, create a password for the user.;Requiring the additional steps to be taken by the user for programmatic access after their profile has been created will provide a stronger indication of intent that access keys are [a] necessary for their work and [b] that once the access key is established on an account, the keys may be in use somewhere in the organization. **Note**: Even if it is known the user will need access keys, require them to create the keys themselves or put in a support ticket to have them created as a separate step from user creation.;;Perform the following to delete access keys that do not pass the audit: **From Console:** 1. Login to the AWS Management Console: 2. Click `Services`  3. Click `IAM`  4. Click on `Users`  5. Click on `Security Credentials`  6. As an Administrator   - Click on the X `(Delete)` for keys that were created at the same time as the user profile but have not been used. 7. As an IAM User  - Click on the X `(Delete)` for keys that were created at the same time as the user profile but have not been used. **From Command Line:** ``` aws iam delete-access-key --access-key-id <access-key-id-listed> --user-name <users-name> ```;Perform the following steps to determine if unused access keys were created upon user creation: **From Console:** 1. Login to the AWS Management Console 2. Click `Services`  3. Click `IAM`  4. Click on a User where column `Password age` and `Access key age` is not set to `None` 5. Click on `Security credentials` Tab 6. Compare the user `Creation time` to the Access Key `Created` date. 6. For any that match, the key was created during initial user setup. - Keys that were created at the same time as the user profile and do not have a last used date should be deleted. Refer to the remediation below. **From Command Line:** 1. Run the following command (OSX/Linux/UNIX) to generate a list of all IAM users along with their access keys utilization: ```  aws iam generate-credential-report ``` ```  aws iam get-credential-report --query 'Content' --output text | base64 -d | cut -d, -f1,4,9,11,14,16 ``` 2. The output of this command will produce a table similar to the following: ``` user,password_enabled,access_key_1_active,access_key_1_last_used_date,access_key_2_active,access_key_2_last_used_date  elise,false,true,2015-04-16T15:14:00+00:00,false,N/A  brandon,true,true,N/A,false,N/A  rakesh,false,false,N/A,false,N/A  helene,false,true,2015-11-18T17:47:00+00:00,false,N/A  paras,true,true,2016-08-28T12:04:00+00:00,true,2016-03-04T10:11:00+00:00  anitha,true,true,2016-06-08T11:43:00+00:00,true,N/A  ``` 3. For any user having `password_enabled` set to `true` AND `access_key_last_used_date` set to `N/A` refer to the remediation below.;Credential report does not appear to contain Key Creation Date;;https://docs.aws.amazon.com/cli/latest/reference/iam/delete-access-key.html:https://docs.aws.amazon.com/IAM/latest/UserGuide/id_users_create.html;PASS;User <root_account> does not have access keys or uses the access keys configured.;arn:aws:iam::897154406216:root;<root_account>;iam_user_no_setup_initial_access_key;False;CIS;CIS Amazon Web Services Foundations Benchmark v5.0.0
aws;The CIS Amazon Web Services Foundations Benchmark provides prescriptive guidance for configuring security options for a subset of Amazon Web Services with an emphasis on foundational, testable, and architecture agnostic settings.;897154406216;us-east-1;2026-06-23 00:27:16.288386;1.1;Maintain current contact details;1 Identity and Access Management;;Level 1;Manual;"Ensure contact email and telephone details for AWS accounts are current and map to more than one individual in your organization. An AWS account supports a number of contact details, and AWS will use these to contact the account owner if activity judged to be in breach of the Acceptable Use Policy or indicative of a likely security compromise is observed by the AWS Abuse team. Contact details should not be for a single individual, as circumstances may arise where that individual is unavailable. Email contact details should point to a mail alias which forwards email to multiple individuals within the organization; where feasible, phone contact details should point to a PABX hunt group or other call-forwarding system.";If an AWS account is observed to be behaving in a prohibited or suspicious manner, AWS will attempt to contact the account owner by email and phone using the contact details listed. If this is unsuccessful and the account behavior needs urgent mitigation, proactive measures may be taken, including throttling of traffic between the account exhibiting suspicious behavior and the AWS API endpoints and the Internet. This will result in impaired service to and from the account in question, so it is in both the customers' and AWS's best interests that prompt contact can be established. This is best achieved by setting AWS account contact details to point to resources which have multiple individuals as recipients, such as email aliases and PABX hunt groups.;;This activity can only be performed via the AWS Console, with a user who has permission to read and write Billing information (aws-portal:\*Billing). 1. Sign in to the AWS Management Console and open the `Billing and Cost Management` console at https://console.aws.amazon.com/billing/home#/. 2. On the navigation bar, choose your account name, and then choose `Account`. 3. On the `Account Settings` page, next to `Account Settings`, choose `Edit`. 4. Next to the field that you need to update, choose `Edit`. 5. After you have entered your changes, choose `Save changes`. 6. After you have made your changes, choose `Done`. 7. To edit your contact information, under `Contact Information`, choose `Edit`. 8. For the fields that you want to change, type your updated information, and then choose `Update`.;This activity can only be performed via the AWS Console, with a user who has permission to read and write Billing information (aws-portal:\*Billing). 1. Sign in to the AWS Management Console and open the `Billing and Cost Management` console at https://console.aws.amazon.com/billing/home#/. 2. On the navigation bar, choose your account name, and then choose `Account`. 3. On the `Account Settings` page, review and verify the current details. 4. Under `Contact Information`, review and verify the current details.;;;https://docs.aws.amazon.com/awsaccountbilling/latest/aboutv2/manage-account-payment.html#contact-info;PASS;User lab-admin does not have access keys or uses the access keys configured.;arn:aws:iam::897154406216:user/lab-admin;lab-admin;iam_user_no_setup_initial_access_key;False;CIS;CIS Amazon Web Services Foundations Benchmark v5.0.0
aws;The CIS Amazon Web Services Foundations Benchmark provides prescriptive guidance for configuring security options for a subset of Amazon Web Services with an emphasis on foundational, testable, and architecture agnostic settings.;897154406216;us-east-1;2026-06-23 00:27:16.288386;1.1;Do not create access keys during initial setup for IAM users with a console password;1 Identity and Access Management;;Level 1;Manual;AWS console defaults to no check boxes selected when creating a new IAM user. When creating the IAM User credentials you have to determine what type of access they require.  Programmatic access: The IAM user might need to make API calls, use the AWS CLI, or use the Tools for Windows PowerShell. In that case, create an access key (access key ID and a secret access key) for that user.  AWS Management Console access: If the user needs to access the AWS Management Console, create a password for the user.;Requiring the additional steps to be taken by the user for programmatic access after their profile has been created will provide a stronger indication of intent that access keys are [a] necessary for their work and [b] that once the access key is established on an account, the keys may be in use somewhere in the organization. **Note**: Even if it is known the user will need access keys, require them to create the keys themselves or put in a support ticket to have them created as a separate step from user creation.;;Perform the following to delete access keys that do not pass the audit: **From Console:** 1. Login to the AWS Management Console: 2. Click `Services`  3. Click `IAM`  4. Click on `Users`  5. Click on `Security Credentials`  6. As an Administrator   - Click on the X `(Delete)` for keys that were created at the same time as the user profile but have not been used. 7. As an IAM User  - Click on the X `(Delete)` for keys that were created at the same time as the user profile but have not been used. **From Command Line:** ``` aws iam delete-access-key --access-key-id <access-key-id-listed> --user-name <users-name> ```;Perform the following steps to determine if unused access keys were created upon user creation: **From Console:** 1. Login to the AWS Management Console 2. Click `Services`  3. Click `IAM`  4. Click on a User where column `Password age` and `Access key age` is not set to `None` 5. Click on `Security credentials` Tab 6. Compare the user `Creation time` to the Access Key `Created` date. 6. For any that match, the key was created during initial user setup. - Keys that were created at the same time as the user profile and do not have a last used date should be deleted. Refer to the remediation below. **From Command Line:** 1. Run the following command (OSX/Linux/UNIX) to generate a list of all IAM users along with their access keys utilization: ```  aws iam generate-credential-report ``` ```  aws iam get-credential-report --query 'Content' --output text | base64 -d | cut -d, -f1,4,9,11,14,16 ``` 2. The output of this command will produce a table similar to the following: ``` user,password_enabled,access_key_1_active,access_key_1_last_used_date,access_key_2_active,access_key_2_last_used_date  elise,false,true,2015-04-16T15:14:00+00:00,false,N/A  brandon,true,true,N/A,false,N/A  rakesh,false,false,N/A,false,N/A  helene,false,true,2015-11-18T17:47:00+00:00,false,N/A  paras,true,true,2016-08-28T12:04:00+00:00,true,2016-03-04T10:11:00+00:00  anitha,true,true,2016-06-08T11:43:00+00:00,true,N/A  ``` 3. For any user having `password_enabled` set to `true` AND `access_key_last_used_date` set to `N/A` refer to the remediation below.;Credential report does not appear to contain Key Creation Date;;https://docs.aws.amazon.com/cli/latest/reference/iam/delete-access-key.html:https://docs.aws.amazon.com/IAM/latest/UserGuide/id_users_create.html;PASS;User lab-admin does not have access keys or uses the access keys configured.;arn:aws:iam::897154406216:user/lab-admin;lab-admin;iam_user_no_setup_initial_access_key;False;CIS;CIS Amazon Web Services Foundations Benchmark v5.0.0
aws;The CIS Amazon Web Services Foundations Benchmark provides prescriptive guidance for configuring security options for a subset of Amazon Web Services with an emphasis on foundational, testable, and architecture agnostic settings.;897154406216;us-east-1;2026-06-23 00:27:16.288386;1.12;Ensure there is only one active access key for any single IAM user;1 Identity and Access Management;;Level 1;Automated;Access keys are long-term credentials for an IAM user or the AWS account 'root' user. You can use access keys to sign programmatic requests to the AWS CLI or AWS API (directly or using the AWS SDK);One of the best ways to protect your account is to not allow users to have multiple access keys.;;**From Console:** 1. Sign in to the AWS Management Console and navigate to IAM dashboard at `https://console.aws.amazon.com/iam/`. 2. In the left navigation panel, choose `Users`. 3. Click on the IAM user name that you want to examine. 4. On the IAM user configuration page, select `Security Credentials` tab. 5. In `Access Keys` section, choose one access key that is less than 90 days old. This should be the only active key used by this IAM user to access AWS resources programmatically. Test your application(s) to make sure that the chosen access key is working. 6. In the same `Access Keys` section, identify your non-operational access keys (other than the chosen one) and deactivate it by clicking the `Make Inactive` link. 7. If you receive the `Change Key Status` confirmation box, click `Deactivate` to switch off the selected key. 8. Repeat steps 3-7 for each IAM user in your AWS account. **From Command Line:** 1. Using the IAM user and access key information provided in the `Audit CLI`, choose one access key that is less than 90 days old. This should be the only active key used by this IAM user to access AWS resources programmatically. Test your application(s) to make sure that the chosen access key is working. 2. Run the `update-access-key` command below using the IAM user name and the non-operational access key IDs to deactivate the unnecessary key(s). Refer to the Audit section to identify the unnecessary access key ID for the selected IAM user **Note** - the command does not return any output: ``` aws iam update-access-key --access-key-id <access-key-id> --status Inactive --user-name <user-name> ``` 3. To confirm that the selected access key pair has been successfully `deactivated` run the `list-access-keys` audit command again for that IAM User: ``` aws iam list-access-keys --user-name <user-name> ``` - The command output should expose the metadata for each access key associated with the IAM user. If the non-operational key pair(s) `Status` is set to `Inactive`, the key has been successfully deactivated and the IAM user access configuration adheres now to this recommendation. 4. Repeat steps 1-3 for each IAM user in your AWS account.;"**From Console:** 1. Sign in to the AWS Management Console and navigate to IAM dashboard at `https://console.aws.amazon.com/iam/`. 2. In the left navigation panel, choose `Users`. 3. Click on the IAM user name that you want to examine. 4. On the IAM user configuration page, select `Security Credentials` tab. 5. Under `Access Keys` section, in the Status column, check the current status for each access key associated with the IAM user. If the selected IAM user has more than one access key activated, then the user's access configuration does not adhere to security best practices, and the risk of accidental exposures increases. - Repeat steps 3-5 for each IAM user in your AWS account. **From Command Line:** 1. Run `list-users` command to list all IAM users within your account: ``` aws iam list-users --query Users[*].UserName ``` The command output should return an array that contains all your IAM user names. 2. Run `list-access-keys` command using the IAM user name list to return the current status of each access key associated with the selected IAM user: ``` aws iam list-access-keys --user-name <user-name> ``` The command output should expose the metadata `(Username, AccessKeyId, Status, CreateDate)` for each access key on that user account. 3. Check the `Status` property value for each key returned to determine each key's current state. If the `Status` property value for more than one IAM access key is set to `Active`, the user access configuration does not adhere to this recommendation; refer to the remediation below. - Repeat steps 2 and 3 for each IAM user in your AWS account.";;;https://docs.aws.amazon.com/general/latest/gr/aws-access-keys-best-practices.html:https://docs.aws.amazon.com/IAM/latest/UserGuide/id_credentials_access-keys.html;PASS;User <root_account> does not have 2 active access keys.;arn:aws:iam::897154406216:root;<root_account>;iam_user_two_active_access_key;False;CIS;CIS Amazon Web Services Foundations Benchmark v5.0.0
aws;The CIS Amazon Web Services Foundations Benchmark provides prescriptive guidance for configuring security options for a subset of Amazon Web Services with an emphasis on foundational, testable, and architecture agnostic settings.;897154406216;us-east-1;2026-06-23 00:27:16.288386;1.12;Ensure there is only one active access key for any single IAM user;1 Identity and Access Management;;Level 1;Automated;Access keys are long-term credentials for an IAM user or the AWS account 'root' user. You can use access keys to sign programmatic requests to the AWS CLI or AWS API (directly or using the AWS SDK);One of the best ways to protect your account is to not allow users to have multiple access keys.;;**From Console:** 1. Sign in to the AWS Management Console and navigate to IAM dashboard at `https://console.aws.amazon.com/iam/`. 2. In the left navigation panel, choose `Users`. 3. Click on the IAM user name that you want to examine. 4. On the IAM user configuration page, select `Security Credentials` tab. 5. In `Access Keys` section, choose one access key that is less than 90 days old. This should be the only active key used by this IAM user to access AWS resources programmatically. Test your application(s) to make sure that the chosen access key is working. 6. In the same `Access Keys` section, identify your non-operational access keys (other than the chosen one) and deactivate it by clicking the `Make Inactive` link. 7. If you receive the `Change Key Status` confirmation box, click `Deactivate` to switch off the selected key. 8. Repeat steps 3-7 for each IAM user in your AWS account. **From Command Line:** 1. Using the IAM user and access key information provided in the `Audit CLI`, choose one access key that is less than 90 days old. This should be the only active key used by this IAM user to access AWS resources programmatically. Test your application(s) to make sure that the chosen access key is working. 2. Run the `update-access-key` command below using the IAM user name and the non-operational access key IDs to deactivate the unnecessary key(s). Refer to the Audit section to identify the unnecessary access key ID for the selected IAM user **Note** - the command does not return any output: ``` aws iam update-access-key --access-key-id <access-key-id> --status Inactive --user-name <user-name> ``` 3. To confirm that the selected access key pair has been successfully `deactivated` run the `list-access-keys` audit command again for that IAM User: ``` aws iam list-access-keys --user-name <user-name> ``` - The command output should expose the metadata for each access key associated with the IAM user. If the non-operational key pair(s) `Status` is set to `Inactive`, the key has been successfully deactivated and the IAM user access configuration adheres now to this recommendation. 4. Repeat steps 1-3 for each IAM user in your AWS account.;"**From Console:** 1. Sign in to the AWS Management Console and navigate to IAM dashboard at `https://console.aws.amazon.com/iam/`. 2. In the left navigation panel, choose `Users`. 3. Click on the IAM user name that you want to examine. 4. On the IAM user configuration page, select `Security Credentials` tab. 5. Under `Access Keys` section, in the Status column, check the current status for each access key associated with the IAM user. If the selected IAM user has more than one access key activated, then the user's access configuration does not adhere to security best practices, and the risk of accidental exposures increases. - Repeat steps 3-5 for each IAM user in your AWS account. **From Command Line:** 1. Run `list-users` command to list all IAM users within your account: ``` aws iam list-users --query Users[*].UserName ``` The command output should return an array that contains all your IAM user names. 2. Run `list-access-keys` command using the IAM user name list to return the current status of each access key associated with the selected IAM user: ``` aws iam list-access-keys --user-name <user-name> ``` The command output should expose the metadata `(Username, AccessKeyId, Status, CreateDate)` for each access key on that user account. 3. Check the `Status` property value for each key returned to determine each key's current state. If the `Status` property value for more than one IAM access key is set to `Active`, the user access configuration does not adhere to this recommendation; refer to the remediation below. - Repeat steps 2 and 3 for each IAM user in your AWS account.";;;https://docs.aws.amazon.com/general/latest/gr/aws-access-keys-best-practices.html:https://docs.aws.amazon.com/IAM/latest/UserGuide/id_credentials_access-keys.html;PASS;User lab-admin does not have 2 active access keys.;arn:aws:iam::897154406216:user/lab-admin;lab-admin;iam_user_two_active_access_key;False;CIS;CIS Amazon Web Services Foundations Benchmark v5.0.0
aws;The CIS Amazon Web Services Foundations Benchmark provides prescriptive guidance for configuring security options for a subset of Amazon Web Services with an emphasis on foundational, testable, and architecture agnostic settings.;897154406216;us-east-1;2026-06-23 00:27:16.288386;2.1.4;Ensure that S3 is configured with 'Block Public Access' enabled;2 Storage;2.1 Simple Storage Service (S3);Level 1;Automated;Amazon S3 provides `Block public access (bucket settings)` and `Block public access (account settings)` to help you manage public access to Amazon S3 resources. By default, S3 buckets and objects are created with public access disabled. However, an IAM principal with sufficient S3 permissions can enable public access at the bucket and/or object level. While enabled, `Block public access (bucket settings)` prevents an individual bucket and its contained objects from becoming publicly accessible. Similarly, `Block public access (account settings)` prevents all buckets and their contained objects from becoming publicly accessible across the entire account.;Amazon S3 `Block public access (bucket settings)` prevents the accidental or malicious public exposure of data contained within the respective bucket(s).  Amazon S3 `Block public access (account settings)` prevents the accidental or malicious public exposure of data contained within all buckets of the respective AWS account. Whether to block public access to all or some buckets is an organizational decision that should be based on data sensitivity, least privilege, and use case.;When you apply Block Public Access settings to an account, the settings apply to all AWS regions globally. The settings may not take effect in all regions immediately or simultaneously, but they will eventually propagate to all regions.;**If utilizing Block Public Access (bucket settings)** **From Console:** 1. Login to the AWS Management Console and open the Amazon S3 console using https://console.aws.amazon.com/s3/.  2. Select the check box next to a bucket. 3. Click 'Edit public access settings'. 4. Click 'Block all public access' 5. Repeat for all the buckets in your AWS account that contain sensitive data. **From Command Line:** 1. List all of the S3 buckets: ``` aws s3 ls ``` 2. Enable Block Public Access on a specific bucket: ``` aws s3api put-public-access-block --bucket <bucket-name> --public-access-block-configuration BlockPublicAcls=true,IgnorePublicAcls=true,BlockPublicPolicy=true,RestrictPublicBuckets=true ``` **If utilizing Block Public Access (account settings)** **From Console:** If the output reads `true` for the separate configuration settings, then Block Public Access is enabled on the account. 1. Login to the AWS Management Console and open the Amazon S3 console using https://console.aws.amazon.com/s3/. 2. Click `Block Public Access (account settings)`. 3. Click `Edit` to change the block public access settings for all the buckets in your AWS account. 4. Update the settings and click `Save`. For details about each setting, pause on the `i` icons. 5. When you're asked for confirmation, enter `confirm`. Then click `Confirm` to save your changes. **From Command Line:** To enable Block Public Access for this account, run the following command: ``` aws s3control put-public-access-block --public-access-block-configuration BlockPublicAcls=true, IgnorePublicAcls=true, BlockPublicPolicy=true, RestrictPublicBuckets=true --account-id <account-id> ```;**If utilizing Block Public Access (bucket settings)** **From Console:** 1. Login to the AWS Management Console and open the Amazon S3 console using https://console.aws.amazon.com/s3/. 2. Select the check box next to a bucket. 3. Click on 'Edit public access settings'. 4. Ensure that the block public access settings are configured appropriately for this bucket. 5. Repeat for all the buckets in your AWS account. **From Command Line:** 1. List all of the S3 buckets: ``` aws s3 ls ``` 2. Find the public access settings for a specific bucket: ``` aws s3api get-public-access-block --bucket <bucket-name> ``` Output if Block Public Access is enabled: ``` {  PublicAccessBlockConfiguration: {  BlockPublicAcls: true,  IgnorePublicAcls: true,  BlockPublicPolicy: true,  RestrictPublicBuckets: true  } } ``` If the output reads `false` for the separate configuration settings, then proceed with the remediation. **If utilizing Block Public Access (account settings)** **From Console:** 1. Login to the AWS Management Console and open the Amazon S3 console using https://console.aws.amazon.com/s3/. 2. Choose `Block public access (account settings)`. 3. Ensure that the block public access settings are configured appropriately for your AWS account. **From Command Line:** To check the block public access settings for this account, run the following command: `aws s3control get-public-access-block --account-id <account-id> --region <region-name>` Output if Block Public Access is enabled: ``` {  PublicAccessBlockConfiguration: {  IgnorePublicAcls: true,   BlockPublicPolicy: true,   BlockPublicAcls: true,   RestrictPublicBuckets: true  } } ``` If the output reads `false` for the separate configuration settings, then proceed with the remediation.;;;https://docs.aws.amazon.com/AmazonS3/latest/user-guide/block-public-access-account.html;FAIL;Block Public Access is not configured for the account 897154406216.;arn:aws:s3:us-east-1:897154406216:account;897154406216;s3_account_level_public_access_blocks;False;CIS;CIS Amazon Web Services Foundations Benchmark v5.0.0
aws;The CIS Amazon Web Services Foundations Benchmark provides prescriptive guidance for configuring security options for a subset of Amazon Web Services with an emphasis on foundational, testable, and architecture agnostic settings.;897154406216;us-east-1;2026-06-23 00:27:16.288386;2.1.4;Ensure that S3 is configured with 'Block Public Access' enabled;2 Storage;2.1 Simple Storage Service (S3);Level 1;Automated;Amazon S3 provides `Block public access (bucket settings)` and `Block public access (account settings)` to help you manage public access to Amazon S3 resources. By default, S3 buckets and objects are created with public access disabled. However, an IAM principal with sufficient S3 permissions can enable public access at the bucket and/or object level. While enabled, `Block public access (bucket settings)` prevents an individual bucket and its contained objects from becoming publicly accessible. Similarly, `Block public access (account settings)` prevents all buckets and their contained objects from becoming publicly accessible across the entire account.;Amazon S3 `Block public access (bucket settings)` prevents the accidental or malicious public exposure of data contained within the respective bucket(s).  Amazon S3 `Block public access (account settings)` prevents the accidental or malicious public exposure of data contained within all buckets of the respective AWS account. Whether to block public access to all or some buckets is an organizational decision that should be based on data sensitivity, least privilege, and use case.;When you apply Block Public Access settings to an account, the settings apply to all AWS regions globally. The settings may not take effect in all regions immediately or simultaneously, but they will eventually propagate to all regions.;**If utilizing Block Public Access (bucket settings)** **From Console:** 1. Login to the AWS Management Console and open the Amazon S3 console using https://console.aws.amazon.com/s3/.  2. Select the check box next to a bucket. 3. Click 'Edit public access settings'. 4. Click 'Block all public access' 5. Repeat for all the buckets in your AWS account that contain sensitive data. **From Command Line:** 1. List all of the S3 buckets: ``` aws s3 ls ``` 2. Enable Block Public Access on a specific bucket: ``` aws s3api put-public-access-block --bucket <bucket-name> --public-access-block-configuration BlockPublicAcls=true,IgnorePublicAcls=true,BlockPublicPolicy=true,RestrictPublicBuckets=true ``` **If utilizing Block Public Access (account settings)** **From Console:** If the output reads `true` for the separate configuration settings, then Block Public Access is enabled on the account. 1. Login to the AWS Management Console and open the Amazon S3 console using https://console.aws.amazon.com/s3/. 2. Click `Block Public Access (account settings)`. 3. Click `Edit` to change the block public access settings for all the buckets in your AWS account. 4. Update the settings and click `Save`. For details about each setting, pause on the `i` icons. 5. When you're asked for confirmation, enter `confirm`. Then click `Confirm` to save your changes. **From Command Line:** To enable Block Public Access for this account, run the following command: ``` aws s3control put-public-access-block --public-access-block-configuration BlockPublicAcls=true, IgnorePublicAcls=true, BlockPublicPolicy=true, RestrictPublicBuckets=true --account-id <account-id> ```;**If utilizing Block Public Access (bucket settings)** **From Console:** 1. Login to the AWS Management Console and open the Amazon S3 console using https://console.aws.amazon.com/s3/. 2. Select the check box next to a bucket. 3. Click on 'Edit public access settings'. 4. Ensure that the block public access settings are configured appropriately for this bucket. 5. Repeat for all the buckets in your AWS account. **From Command Line:** 1. List all of the S3 buckets: ``` aws s3 ls ``` 2. Find the public access settings for a specific bucket: ``` aws s3api get-public-access-block --bucket <bucket-name> ``` Output if Block Public Access is enabled: ``` {  PublicAccessBlockConfiguration: {  BlockPublicAcls: true,  IgnorePublicAcls: true,  BlockPublicPolicy: true,  RestrictPublicBuckets: true  } } ``` If the output reads `false` for the separate configuration settings, then proceed with the remediation. **If utilizing Block Public Access (account settings)** **From Console:** 1. Login to the AWS Management Console and open the Amazon S3 console using https://console.aws.amazon.com/s3/. 2. Choose `Block public access (account settings)`. 3. Ensure that the block public access settings are configured appropriately for your AWS account. **From Command Line:** To check the block public access settings for this account, run the following command: `aws s3control get-public-access-block --account-id <account-id> --region <region-name>` Output if Block Public Access is enabled: ``` {  PublicAccessBlockConfiguration: {  IgnorePublicAcls: true,   BlockPublicPolicy: true,   BlockPublicAcls: true,   RestrictPublicBuckets: true  } } ``` If the output reads `false` for the separate configuration settings, then proceed with the remediation.;;;https://docs.aws.amazon.com/AmazonS3/latest/user-guide/block-public-access-account.html;PASS;Block Public Access is configured for the S3 Bucket my-grc-lab-bucket-199304cd.;arn:aws:s3:::my-grc-lab-bucket-199304cd;my-grc-lab-bucket-199304cd;s3_bucket_level_public_access_block;False;CIS;CIS Amazon Web Services Foundations Benchmark v5.0.0
aws;The CIS Amazon Web Services Foundations Benchmark provides prescriptive guidance for configuring security options for a subset of Amazon Web Services with an emphasis on foundational, testable, and architecture agnostic settings.;897154406216;us-east-1;2026-06-23 00:27:16.288386;2.1.2;Ensure MFA Delete is enabled on S3 buckets;2 Storage;2.1 Simple Storage Service (S3);Level 2;Manual;Once MFA Delete is enabled on your sensitive and classified S3 bucket, it requires the user to provide two forms of authentication.;Adding MFA delete to an S3 bucket requires additional authentication when you change the version state of your bucket or delete an object version, adding another layer of security in the event your security credentials are compromised or unauthorized access is granted.;Enabling MFA delete on an S3 bucket could require additional administrator oversight. Enabling MFA delete may impact other services that automate the creation and/or deletion of S3 buckets.;"Perform the steps below to enable MFA delete on an S3 bucket: **Note:** - You cannot enable MFA Delete using the AWS Management Console; you must use the AWS CLI or API. - You must use your 'root' account to enable MFA Delete on S3 buckets. **From Command line:** 1. Run the s3api `put-bucket-versioning` command: ``` aws s3api put-bucket-versioning --profile my-root-profile --bucket Bucket_Name --versioning-configuration Status=Enabled,MFADelete=Enabled --mfa “arn:aws:iam::aws_account_id:mfa/root-account-mfa-device passcode” ```";Perform the steps below to confirm that MFA delete is configured on an S3 bucket: **From Console:** 1. Login to the S3 console at `https://console.aws.amazon.com/s3/`. 2. Click the `check` box next to the name of the bucket you want to confirm. 3. In the window under `Properties`: - Confirm that Versioning is `Enabled` - Confirm that MFA Delete is `Enabled` **From Command Line:** 1. Run the `get-bucket-versioning` command: ``` aws s3api get-bucket-versioning --bucket my-bucket ``` Example output: ``` <VersioningConfiguration xmlns=http://s3.amazonaws.com/doc/2006-03-01/>   <Status>Enabled</Status>  <MfaDelete>Enabled</MfaDelete>  </VersioningConfiguration> ``` If the console or CLI output does not show that Versioning and MFA Delete are `enabled`, please refer to the remediation below.;;;https://docs.aws.amazon.com/AmazonS3/latest/dev/Versioning.html#MultiFactorAuthenticationDelete:https://docs.aws.amazon.com/AmazonS3/latest/dev/UsingMFADelete.html:https://aws.amazon.com/blogs/security/securing-access-to-aws-using-mfa-part-3/:https://docs.aws.amazon.com/IAM/latest/UserGuide/id_credentials_mfa_lost-or-broken.html;FAIL;S3 Bucket my-grc-lab-bucket-199304cd has MFA Delete disabled.;arn:aws:s3:::my-grc-lab-bucket-199304cd;my-grc-lab-bucket-199304cd;s3_bucket_no_mfa_delete;False;CIS;CIS Amazon Web Services Foundations Benchmark v5.0.0
aws;The CIS Amazon Web Services Foundations Benchmark provides prescriptive guidance for configuring security options for a subset of Amazon Web Services with an emphasis on foundational, testable, and architecture agnostic settings.;897154406216;us-east-1;2026-06-23 00:27:16.288386;2.1.1;Ensure S3 Bucket Policy is set to deny HTTP requests;2 Storage;2.1 Simple Storage Service (S3);Level 2;Automated;At the Amazon S3 bucket level, you can configure permissions through a bucket policy, making the objects accessible only through HTTPS.;By default, Amazon S3 allows both HTTP and HTTPS requests. To ensure that access to Amazon S3 objects is only permitted through HTTPS, you must explicitly deny HTTP requests. Bucket policies that allow HTTPS requests without explicitly denying HTTP requests will not comply with this recommendation.;;**From Console:** 1. Login to the AWS Management Console and open the Amazon S3 console using https://console.aws.amazon.com/s3/. 2. Select the check box next to the Bucket. 3. Click on 'Permissions'. 4. Click 'Bucket Policy'. 5. Add either of the following to the existing policy, filling in the required information: ``` {  Sid: <optional>,  Effect: Deny,  Principal: *,  Action: s3:*,  Resource: arn:aws:s3:::<bucket_name>/*,  Condition: {  Bool: {  aws:SecureTransport: false  }  } } ``` or ``` {  Sid: <optional>,  Effect: Deny,  Principal: *,  Action: s3:*,  Resource: [  arn:aws:s3:::<bucket_name>,  arn:aws:s3:::<bucket_name>/*  ],  Condition: {  NumericLessThan: {  s3:TlsVersion: 1.2  }  } } ``` 6. Save 7. Repeat for all the buckets in your AWS account that contain sensitive data. **From Console**  Using AWS Policy Generator: 1. Repeat steps 1-4 above. 2. Click on `Policy Generator` at the bottom of the Bucket Policy Editor. 3. Select Policy Type `S3 Bucket Policy`. 4. Add Statements: - `Effect` = Deny - `Principal` = * - `AWS Service` = Amazon S3 - `Actions` = * - `Amazon Resource Name` = <ARN of the S3 Bucket> 5. Generate Policy. 6. Copy the text and add it to the Bucket Policy. **From Command Line:** 1. Export the bucket policy to a json file: ``` aws s3api get-bucket-policy --bucket <bucket_name> --query Policy --output text > policy.json ``` 2. Modify the policy.json file by adding either of the following: ``` {  Sid: <optional>,  Effect: Deny,  Principal: *,  Action: s3:*,  Resource: arn:aws:s3:::<bucket_name>/*,  Condition: {  Bool: {  aws:SecureTransport: false  }  } } ``` or ``` {  Sid: <optional>,  Effect: Deny,  Principal: *,  Action: s3:*,  Resource: [  arn:aws:s3:::<bucket_name>,  arn:aws:s3:::<bucket_name>/*  ],  Condition: {  NumericLessThan: {  s3:TlsVersion: 1.2  }  } } ``` 3. Apply this modified policy back to the S3 bucket: ``` aws s3api put-bucket-policy --bucket <bucket_name> --policy file://policy.json ```;To allow access to HTTPS, you can use a bucket policy with the effect `allow` and a condition that checks for the key `aws:SecureTransport: true`. This means that HTTPS requests are allowed, but it does not deny HTTP requests. To explicitly deny HTTP access, ensure that there is also a bucket policy with the effect `deny` that contains the key `aws:SecureTransport: false`. You may also require TLS by setting a policy to deny any version lower than the one you wish to require, using the condition `NumericLessThan` and the key `s3:TlsVersion: 1.2`. **From Console:** 1. Login to the AWS Management Console and open the Amazon S3 console using https://console.aws.amazon.com/s3/. 2. Select the check box next to the Bucket. 3. Click on 'Permissions', then click on `Bucket Policy`. 4. Ensure that a policy is listed that matches either: ``` {  Sid: <optional>,  Effect: Deny,  Principal: *,  Action: s3:*,  Resource: arn:aws:s3:::<bucket_name>/*,  Condition: {  Bool: {  aws:SecureTransport: false  }  } } ``` or ``` {  Sid: <optional>,  Effect: Deny,  Principal: *,  Action: s3:*,  Resource: [  arn:aws:s3:::<bucket_name>,  arn:aws:s3:::<bucket_name>/*  ],  Condition: {  NumericLessThan: {  s3:TlsVersion: 1.2  }  } } ``` `<optional>` and `<bucket_name>` will be specific to your account, and TLS version will be site/policy specific to your organisation. 5. Repeat for all the buckets in your AWS account. **From Command Line:** 1. List all of the S3 Buckets  ``` aws s3 ls ``` 2. Using the list of buckets, run this command on each of them: ``` aws s3api get-bucket-policy --bucket <bucket_name> | grep aws:SecureTransport ``` or ``` aws s3api get-bucket-policy --bucket <bucket_name> | grep s3:TlsVersion ``` NOTE : If an error is thrown by the CLI, it means no policy has been configured for the specified S3 bucket, and that by default it is allowing both HTTP and HTTPS requests. 3. Confirm that `aws:SecureTransport` is set to false (such as `aws:SecureTransport:false`) or that `s3:TlsVersion` has a site-specific value. 4. Confirm that the policy line has Effect set to Deny 'Effect:Deny';;Both HTTP and HTTPS requests are allowed.;https://aws.amazon.com/premiumsupport/knowledge-center/s3-bucket-policy-for-config-rule/:https://aws.amazon.com/blogs/security/how-to-use-bucket-policies-and-apply-defense-in-depth-to-help-secure-your-amazon-s3-data/:https://awscli.amazonaws.com/v2/documentation/api/latest/reference/s3api/get-bucket-policy.html;FAIL;S3 Bucket my-grc-lab-bucket-199304cd does not have a bucket policy, thus it allows HTTP requests.;arn:aws:s3:::my-grc-lab-bucket-199304cd;my-grc-lab-bucket-199304cd;s3_bucket_secure_transport_policy;False;CIS;CIS Amazon Web Services Foundations Benchmark v5.0.0
